1 ; number of test cases ; for now it is ignored
5 ; number of periods
1 ; number of depots
4 ; number of total vehicles
4  ; number of vehicle per depot
235.0 235.0 235.0 235.0  ; Maximum allowable load of each vehicle 
 ; t(total period) lines containg  v (total vehicle) values each referring maximum time limit (route duration) for that day for that vehicle (NEW)
0.0 0.0 0.0 0.0 
0.0 0.0 0.0 0.0 
0.0 0.0 0.0 0.0 
0.0 0.0 0.0 0.0 
0.0 0.0 0.0 0.0 
139 ; number of clients
1 5 1 1 4 3 3 3 3 3 3 3 3 3 3 3 3 2 2 2 2 2 2 2 2 2 2 2 2 2 2 2 2 2 2 2 2 2 2 1 1 1 1 1 1 1 1 1 1 1 1 1 1 1 1 1 1 1 1 1 1 1 1 1 1 1 1 1 1 1 1 1 1 1 1 1 1 1 1 1 1 1 1 1 1 1 1 1 1 1 1 1 1 1 1 1 1 1 1 1 1 1 1 1 1 1 1 1 1 1 1 1 1 1 1 1 1 1 1 1 1 1 1 1 1 1 1 1 1 1 0 1 1 1 1 1 1 1 1  ; frequency
0.0 0.0 0.0 0.0 0.0 0.0 0.0 0.0 0.0 0.0 0.0 0.0 0.0 0.0 0.0 0.0 0.0 0.0 0.0 0.0 0.0 0.0 0.0 0.0 0.0 0.0 0.0 0.0 0.0 0.0 0.0 0.0 0.0 0.0 0.0 0.0 0.0 0.0 0.0 0.0 0.0 0.0 0.0 0.0 0.0 0.0 0.0 0.0 0.0 0.0 0.0 0.0 0.0 0.0 0.0 0.0 0.0 0.0 0.0 0.0 0.0 0.0 0.0 0.0 0.0 0.0 0.0 0.0 0.0 0.0 0.0 0.0 0.0 0.0 0.0 0.0 0.0 0.0 0.0 0.0 0.0 0.0 0.0 0.0 0.0 0.0 0.0 0.0 0.0 0.0 0.0 0.0 0.0 0.0 0.0 0.0 0.0 0.0 0.0 0.0 0.0 0.0 0.0 0.0 0.0 0.0 0.0 0.0 0.0 0.0 0.0 0.0 0.0 0.0 0.0 0.0 0.0 0.0 0.0 0.0 0.0 0.0 0.0 0.0 0.0 0.0 0.0 0.0 0.0 0.0 0.0 0.0 0.0 0.0 0.0 0.0 0.0 0.0 0.0  ; service time for every client 
54.0 10.0 8.0 140.0 26.0 20.0 9.0 8.0 24.0 12.0 31.0 10.0 9.0 11.0 18.0 41.0 6.0 35.0 18.0 22.0 25.0 12.0 17.0 23.0 11.0 26.0 11.0 23.0 21.0 11.0 15.0 28.0 26.0 17.0 22.0 10.0 33.0 7.0 21.0 19.0 12.0 31.0 10.0 5.0 16.0 23.0 11.0 11.0 5.0 9.0 13.0 16.0 19.0 8.0 5.0 5.0 6.0 11.0 9.0 10.0 10.0 11.0 18.0 11.0 11.0 23.0 5.0 4.0 18.0 4.0 8.0 12.0 16.0 10.0 10.0 8.0 18.0 2.0 26.0 33.0 20.0 3.0 9.0 7.0 3.0 17.0 18.0 9.0 9.0 14.0 26.0 25.0 4.0 13.0 12.0 6.0 8.0 5.0 14.0 29.0 10.0 12.0 14.0 7.0 16.0 5.0 13.0 16.0 15.0 10.0 5.0 9.0 7.0 19.0 8.0 6.0 8.0 6.0 4.0 3.0 5.0 10.0 3.0 16.0 3.0 8.0 54.0 54.0 54.0 54.0 10.0 5.0 5.0 5.0 41.0 15.0 135.0 15.0 105.0  ; demand for every client 
; COST MATRIX
0.0 21.599173711047374 17.78115817375235 13.015177140554023 12.52459923510529 21.518440858947006 9.153833732376835 19.97345563491706 18.80930434651957 23.50445753468903 15.932586262123296 11.35600889397327 16.52820577074233 25.88005311045555 6.275611922354664 6.387540997911481 2.0140347564031758 7.531984930946158 14.007419641033104 8.185249232613506 11.830178570080843 13.09777118444203 21.05348360723232 9.758242925855043 6.019350961690138 5.369121064010384 7.805701057560429 9.351637557134044 20.760915803499614 12.354046341179071 19.224869154301157 14.98632503317608 12.969379206423104 7.044549666231334 1.4268300529495446 4.526469043305168 12.728033469472022 3.767669836915119 3.138677587774826 4.89430076721895 14.37020981057688 5.832392733690007 6.404292388703064 10.339129267012769 15.554564249762834 8.703285126893178 6.653029760943506 8.613032915297607 7.034270466793269 10.245080380358175 8.02217775918734 4.894058949379339 23.866719443610172 26.61108028622664 15.855429669359326 14.5787031659198 14.315373903604474 14.98632503317608 16.854153790683174 14.263260006043499 17.735968933215915 11.485315363541394 10.569215344575017 11.44480095938763 12.995472480829621 14.206065781911613 13.313299290559046 7.238502745734094 4.962996675396831 6.935870889801799 5.089921905098349 2.9412303548005214 9.295131467601736 5.940300665791253 5.958646574516733 12.465577603945997 19.955985167362698 12.33749050658196 30.952075746224192 23.4810633490053 12.663127773184632 13.133786049726865 27.87161344450658 14.769501684213996 5.181594542223465 13.612953390061982 3.4415374471302793 3.308242584817504 3.075862480671072 4.601771941328687 8.49654618065482 4.488004010693395 8.942045627260018 2.164181138444747 5.507411914865275 6.626686125055268 4.914900812834375 6.809500495631085 7.652613932506983 18.50023880926946 9.175270350240368 3.602147831502755 2.8240872861864594 3.5816371954736006 3.3236910205372583 1.8605002015587098 17.811446038994138 11.892206944045332 15.061737018020198 16.310608848231265 14.778045371428524 9.379301946307091 7.642442148946892 13.745384461702045 19.458288722290046 21.667306708495175 10.734737351235008 12.416253219067336 10.307760280487708 6.768257161190021 6.903350635742038 8.536446684657498 6.683032395552187 5.859020822628983 7.658736841020195 7.214104033072991 20.060881959674653 21.599173711047374 21.599173711047374 21.599173711047374 21.599173711047374 21.599173711047374 13.015177140554023 13.015177140554023 13.015177140554023 13.015177140554023 12.52459923510529 12.52459923510529 12.52459923510529 12.52459923510529 
21.599173711047374 0.0 38.964208101795165 11.869118290757742 10.202490529277641 0.28200000000000003 12.684740793567677 1.6441183047457382 8.799714143084422 11.857375805801215 25.242495795780574 23.699883143171824 30.70307777731737 34.74905733973225 24.213149196252846 16.30884683231773 20.629638508708773 29.12522679740022 13.788582233137676 14.058657830675017 24.436052872753404 26.32926829594776 34.34100535802643 23.663916032643453 23.044272281849125 17.497045293420257 13.887173434504229 20.23734616989095 1.4126853860644266 11.99978841480132 10.18705026001148 16.63023298092964 25.185146773445652 15.122621234428903 22.6443216944116 17.126348268092645 8.935853009086484 17.95523558742686 20.232760217034155 19.045734036786296 28.830414443777943 23.08367050535941 23.95080245002242 30.703492651488364 36.05278541250315 29.806526013609837 26.76008863961403 13.434891625911984 15.93057400095803 23.326904916855128 19.077879468116993 21.47751498660867 2.555978090672923 5.610032174595794 6.258781430917683 7.978427977991654 9.702609185162514 16.63023298092964 17.431445866594085 17.990005919954555 12.128065014667426 23.49359338202651 23.78675232140781 24.817389790225725 25.52714915536006 26.832696360969763 26.40959978871319 20.14538311871978 19.955662980718028 15.15042441649738 24.86287614094556 24.538458977694585 28.564113604311267 15.757166782134405 15.644530545848921 9.211185048624307 2.084464679480082 10.590835897132955 13.589027706204739 12.253528838665211 25.587743354973682 27.493725993397113 42.81337773406812 32.23680810812386 22.16578356386257 35.09479028288956 24.906404818841278 22.14577467599632 20.632574366762864 19.07653134089109 14.037985040596103 17.442834316704378 12.7610338531014 19.60900305981923 18.330338158364672 17.845745095120012 16.77478181676292 25.34765630191478 25.40792799501762 39.67671842529319 30.299320074879567 23.81810088986945 24.369385096879235 22.631663217713363 21.402850113945103 19.78420102000584 26.01021662731781 24.650344196379894 28.717737741681532 29.29236409032224 13.30740132407526 12.578209093507708 14.318168912259695 11.572940896764313 9.442394029058521 11.642515750472489 19.605075082743245 24.512819197309803 25.768743644190337 23.469525133670682 28.112440395668248 14.875034420128245 15.79500886356193 16.075507145965876 14.090699237440274 22.94314559950313 1.5708653666052976 0.0 0.0 0.0 0.0 0.0 11.869118290757742 11.869118290757742 11.869118290757742 11.869118290757742 10.202490529277641 10.202490529277641 10.202490529277641 10.202490529277641 
17.78115817375235 38.964208101795165 0.0 28.50539587516721 29.09235294712341 38.91896973199573 26.279827434745453 37.32021420088582 34.31417409759413 37.95001725954812 21.759415640131515 18.858487956355354 16.337535677084226 25.789071037941635 15.190841615921086 22.70426219897929 19.322715181878554 10.965578188130344 28.200443489420515 24.93420135075515 18.500066513393943 17.624492162896495 18.46167191778686 17.684981905560434 16.394269486622452 21.501475972593134 25.11883765224816 24.637328609246577 37.96989545679577 28.030231839925978 34.20725560462283 27.3779725326767 18.755675434385186 23.847333645504268 17.13333808689947 22.264162593728962 30.037453187645582 21.124093400664556 20.169640676025935 20.02102699663531 15.985930063652848 16.29175156329116 15.534819760782549 8.505990829997407 4.031501581296973 9.177580618006031 12.282616537204115 25.538133252060533 24.673733503464774 23.398760351779323 24.169553616068296 20.317974923697488 41.35372661562679 44.20560914635155 32.87595771989008 31.338315206788 30.390728652008328 27.3779725326767 28.56512884619987 25.91698284908951 32.06919674703437 19.17067158448029 18.14855897860764 17.759997325450247 18.41475411185281 18.225179532723402 17.754156358441815 19.711209501194997 19.18875509250144 23.814867142186618 16.904640930821333 14.952243778109022 11.102207212982469 23.27851339755183 23.58794194074591 29.759762448648676 37.14893788522088 28.78211573182208 46.18278017833053 37.77450984460288 18.025853239167347 16.27223383558631 19.470394192208847 11.355668628486828 17.074052828780868 4.597019251645569 15.052731911516924 16.82619995720959 18.332563595962238 19.950355811363362 25.017068273480806 21.552837261019718 26.226904544760902 19.937320231164467 20.777542491834783 21.47134045652483 22.666811332871678 14.06085207233189 14.37750277343044 0.7192509993041384 12.08754615296256 15.147496459811434 14.969022980809399 16.34726157495499 17.573424139876668 19.43077962923773 23.176674135863408 18.328552697908254 16.978995258848503 17.854074296921695 29.035882301042616 27.13953148084911 24.646039844161574 29.135225758521248 34.69208246848263 36.076437213228246 22.07811912278761 18.940994535662586 15.718351694754762 16.21315468994236 10.92844160893949 24.40423282957282 23.199362836078063 22.898689067280685 24.896201236333226 16.974173352478758 37.39675436451671 38.964208101795165 38.964208101795165 38.964208101795165 38.964208101795165 38.964208101795165 28.50539587516721 28.50539587516721 28.50539587516721 28.50539587516721 29.09235294712341 29.09235294712341 29.09235294712341 29.09235294712341 
13.015177140554023 11.869118290757742 28.50539587516721 0.0 2.7137785466025037 11.942024995786937 5.1912268299507005 10.376540560321633 5.917426636638598 10.50377836780651 13.56244126254562 11.85841178235939 18.83414245459559 23.627018114861638 13.32140431786379 6.628563947040114 13.070851999774154 20.071234665560564 2.629157469608849 5.159552790698046 12.586677917544407 14.469057260236413 22.52821200184338 11.969369114535654 12.115895427082556 7.714637062104736 6.393184261383368 16.97031116391211 10.560017092789197 0.7136504746723014 6.209852977325631 5.6565553122019425 13.316392341771852 6.162455679353808 14.39285711733428 9.733752102863521 5.488624600025037 9.424180176545864 13.31774984747799 8.800531802112872 16.98057484303756 12.213918822392754 12.990052694273416 20.0114449753135 25.1780024028913 19.66951143267163 16.28320647169961 5.083880801120341 11.11804699576324 19.647701646757568 15.229746288103424 15.416614187298066 14.423382439635994 17.477926936567737 5.868784030785252 4.148565294170985 2.16946859852822 5.6565553122019425 7.225672010270048 6.596559254641772 4.96970119826132 11.642077177205106 12.005698855127093 13.000300188841795 13.659843081089916 14.964451643812414 14.545168613666878 8.860902098545045 9.462091312178297 6.317909860072397 17.70699853165409 15.620499351813308 17.568389368408248 7.670311597321194 8.407782406794315 5.353359786152991 9.793953440771503 2.35120820005375 18.072802024036005 10.502975768800002 13.728375614033878 15.662455107677085 30.970846678771956 20.594214527386086 11.455024487097353 25.185200733764262 16.40644214935097 12.106353910240689 10.818714988389333 8.97006047917181 4.690731392864017 8.60207463348232 5.738236662947949 11.750567816067443 8.019284382038087 7.127141713197514 9.62899714404361 14.460231844614388 14.280733034406882 29.19185968724843 22.158563175440776 13.865675641669974 15.280934559116469 12.508255713727635 11.37835357158495 11.240031005295315 14.563571608640514 12.802587629069366 16.849141995959318 17.434251489524865 2.800796493856703 8.439094323444904 5.8974219791363085 0.7327550750421318 6.476792107208629 8.694386694873883 7.747983608655868 12.646613617882062 14.126697632497129 12.362434913883268 18.20394424293812 4.495062402236481 6.355228556078845 7.370682532845924 6.302268321802873 11.687335239480385 10.40753597159289 11.869118290757742 11.869118290757742 11.869118290757742 11.869118290757742 11.869118290757742 0.0 0.0 0.0 0.0 2.7137785466025037 2.7137785466025037 2.7137785466025037 2.7137785466025037 
12.52459923510529 10.202490529277641 29.09235294712341 2.7137785466025037 0.0 10.221903198524235 3.5697240789730507 8.600417896823386 6.605629720170516 11.729007204363036 15.913248222785944 13.688402682563074 20.775410272723857 26.166858523712776 14.101275438767942 6.447939360757046 12.165316354291818 19.923147467205077 5.342874975142129 4.352504681215174 14.438177204896746 16.354740107993155 24.673303994398477 13.509533115544741 12.91412683846647 7.6523178841446455 4.977580235415598 15.011044633868757 9.03445964073115 2.344311626042919 7.425317232280383 8.35548801686652 15.28576007269511 5.500083817543147 13.801966309189428 8.596297807777486 2.7758951709313524 8.763841737503022 12.190254509238107 9.072426467048382 18.80721563655822 12.969405113574021 13.818578979041224 20.698059812455853 25.99996740382572 20.034834314263744 16.812851304879846 3.9250796170268947 9.24070478913811 17.84638859825707 13.332101184734537 14.09414080389436 12.734080453648781 15.7605101440277 3.9439315409880025 2.2638462845343543 2.101234875019926 8.35548801686652 9.936678821417143 9.199184746487049 6.968943965910475 13.510001813471382 13.688955146394482 14.754247015690092 15.603283917175897 16.96810151431208 16.456453688446974 9.943951930696366 9.9164470451871 5.594890258083709 16.795951446702865 15.341987941593487 18.445983438136338 6.677768040296098 7.105371559601933 2.641393760877011 8.21995048646888 0.4342648961175657 18.530528459814633 11.823518681001863 15.614688117282395 17.437534057314412 33.030762177097884 22.045693683801378 12.089196830228216 25.473586045156658 15.96574263853705 12.32340476491785 10.87780713195449 9.156134391761622 4.1327720721085015 8.04963315934335 3.995988238220928 10.908342587212779 8.31538766384346 7.705839409175355 8.387808772259891 15.24462072338961 15.24413283857104 29.795468145340493 21.673097886550508 14.06421519317733 15.072396922852052 12.781488997765479 11.572244207585666 10.669831160801 17.042242340725 14.646427687323621 18.79126605633585 19.49134343753657 5.446646766589513 6.165506386340055 4.894147525361286 3.056825150380702 7.411921883020625 10.094053794189923 9.692798563882361 14.586955611093083 15.587821528359887 13.301446725826482 18.43574885921372 4.725481985998888 6.003235460982685 6.665842857433709 5.016655858238633 12.750037686218814 8.653920325494106 10.202490529277641 10.202490529277641 10.202490529277641 10.202490529277641 10.202490529277641 2.7137785466025037 2.7137785466025037 2.7137785466025037 2.7137785466025037 0.0 0.0 0.0 0.0 
21.518440858947006 0.28200000000000003 38.91896973199573 11.942024995786937 10.221903198524235 0.0 12.639842760097926 1.625315046383316 8.994358954366898 12.117231738313832 25.348582169423203 23.75800886017176 30.772885158853725 34.89519924001008 24.201686263564362 16.281538410113463 20.52664027550539 29.040839244071442 13.898400051804524 14.029482100205978 24.496023595677727 26.392609060113777 34.43313266317777 23.7016862269333 23.03642682796097 17.466040936629 13.826446036491083 20.04768495362993 1.5915941693786133 12.056572066719461 10.391317770138684 16.759301089245938 25.254852880189183 15.08498090817486 22.551702751677087 17.03632334161335 8.882930878938549 17.88810948647173 20.116351408742094 19.02235508553029 28.889501639869106 23.07317420729103 23.942888923436115 30.67492436828492 36.028459028939885 29.75666259848372 26.727305662935798 13.399750184238508 15.791949847944677 23.135523962080477 18.9031600797327 21.33775081867815 2.5124689052802225 5.554006211735815 6.279158940495136 8.012041250517873 9.779066877775199 16.759301089245938 17.585712865846524 18.106457549725178 12.304449804847025 23.554467134707163 23.83431580725572 24.870069561623666 25.594899257469248 26.906330444711333 26.475091784543444 20.160033953344424 19.937764694167697 15.109363586862287 24.737614800137866 24.458780856780248 28.551928306158235 15.69300203912559 15.561229385880793 9.159853819794286 2.1936237143138295 10.615357412729917 13.862201051781064 12.511513137906222 25.650859361822558 27.54832047512153 42.899432455453294 32.26454408479996 22.1504733358003 35.03107616103165 24.814410349633537 22.106149823069597 20.590037615312898 19.048557005715683 14.020074892809953 17.386416910910654 12.703936122320513 19.517324637357447 18.311821455005507 17.843026929307708 16.6812708448727 25.334269044122824 25.40601891284819 39.63215816732669 30.18786685077301 23.77162009624081 24.294956719451054 22.593664421691315 21.36472487536406 19.708997589933386 26.133748544745735 24.709794839293995 28.786854100439665 29.372429010893875 13.43033588559869 12.457482410182243 14.274714322885766 11.661324324449604 9.651466054439604 11.88188322615569 19.669022878628212 24.57977414460922 25.800012112400257 23.46933288357383 28.056742451681732 14.877100692003129 15.764574621600163 16.024166811413316 14.03461068216714 22.951403835059846 1.567990433644286 0.28200000000000003 0.28200000000000003 0.28200000000000003 0.28200000000000003 0.28200000000000003 11.942024995786937 11.942024995786937 11.942024995786937 11.942024995786937 10.221903198524235 10.221903198524235 10.221903198524235 10.221903198524235 
9.153833732376835 12.684740793567677 26.279827434745453 5.1912268299507005 3.5697240789730507 12.639842760097926 0.0 11.040936282761528 10.163494379395306 15.236278416988842 15.89355193152242 12.751612054952112 19.780636642939477 26.47861032984926 11.732475996139947 3.7437104588896837 8.634369461634128 16.651680665926786 7.411217781174698 1.5722572944655093 13.498547958947288 15.391326713444817 23.990883685266784 12.134014381069441 10.620385397903412 4.875906172189945 1.4142082590622924 11.779337714829301 11.72609470369398 4.495865322715972 10.904018066749524 9.937167503871514 14.510495132834029 2.468000000000001 10.365383350363846 5.040529535673807 3.7657450789983113 5.397345273372828 8.623048706808978 6.4828132781995205 17.66632191487521 10.62518202197026 11.515698198546191 18.064097265017146 23.431506246931715 17.123254480384272 14.104413954503746 0.8818616671564768 5.928010205794183 14.487040553543018 10.042476586977935 10.534775033193636 15.087764082195875 17.991876222339904 6.7190744898386106 5.443889234729156 5.608321852390429 9.937167503871514 11.792759303911872 10.254849096890702 10.10309902950575 12.646137631703999 12.51814622857554 13.640692247829653 14.76895368670374 16.190429055463603 15.533145528192286 8.217213274584031 7.443879096277693 2.475074342317823 13.246092291691161 12.044452498972296 16.050061837887103 3.2167045248203947 3.5372991109036853 3.486014486487398 10.909232786956192 3.5196147516454124 22.079175550731055 15.30726415790882 14.681228184317552 16.2537483676843 32.08423569293805 20.26919287983614 9.659275024555415 22.4468967120179 12.575246955825559 9.46929168417575 7.950488915783734 6.4692077567504365 1.8750000000000007 4.792376028652177 0.5629102948072631 7.407451383573165 5.837887460374687 5.65225485978826 4.820054149073432 12.837769003997542 13.03706914916079 26.992681156194912 18.227806505446562 11.133364136683936 11.820820487597299 9.959507869367844 8.730956075940368 7.294961343283459 17.325441927985562 13.684099751171065 17.847369385990753 18.73870222293956 7.858008462708602 3.547815243216591 1.6357243043985141 5.844622314572603 10.94703941712096 13.544870763503061 9.259513270145469 13.791833525677434 14.001116026945851 11.14984129931902 15.440172343597723 3.186887195995491 3.202333211894103 3.4037915623610098 1.5003073018551902 10.777583820133342 11.118361794796929 12.684740793567677 12.684740793567677 12.684740793567677 12.684740793567677 12.684740793567677 5.1912268299507005 5.1912268299507005 5.1912268299507005 5.1912268299507005 3.5697240789730507 3.5697240789730507 3.5697240789730507 3.5697240789730507 
19.97345563491706 1.6441183047457382 37.32021420088582 10.376540560321633 8.600417896823386 1.625315046383316 11.040936282761528 0.0 7.887828852098656 11.55945439888925 23.84122415061777 22.165307035996587 29.194654647726182 33.50170683711503 22.57896075996413 14.666751855813201 19.031542501857277 27.50222647350574 12.410303179213633 12.415956870092614 22.90546452268541 24.806062646054894 32.892693322377845 22.089031146702652 21.41260983626237 15.85400482527995 12.24820235789726 18.893512246271204 1.1609500419914724 10.466627775936239 9.331820186866011 15.322467947429358 23.677436368830133 13.478586646974527 21.03137965041761 15.511614358280054 7.294422115561997 16.319332400560995 18.657825730775812 17.405102987342534 27.297200808874155 21.4501158271931 22.31910197566201 29.061260055269454 34.41201768278053 28.163178407274984 25.116806504808686 11.791053303246489 14.409313411818063 21.987328578069686 17.67118020959551 19.954548980119796 4.134628036474381 7.1641353979388205 4.660012875518693 6.400717772250234 8.223442101699261 15.322467947429358 16.23714660893348 16.6306701007506 11.07101332308836 21.965229454754166 22.230068848296444 23.27093597172232 24.01456784953666 25.334541026037947 24.891430975337677 18.53608200240817 18.317576531845035 13.506312783287672 23.303980024879866 22.91140750805153 26.929509111753223 14.11977089049252 14.02265884203135 7.569135023237463 0.9978065944861262 8.996273117241383 14.318346587507932 11.924579405580728 24.064143138703276 25.950945917249335 41.346317103219725 30.645145161999153 20.52917036803972 33.45607463525869 23.292308301239704 20.501681906614394 18.988483351758244 17.434310224382266 12.399683423378196 15.801632637167591 11.120548997239299 17.995572399898816 16.691889407733324 16.218122363578342 15.164569891691619 23.71225010411285 23.781083448825452 38.0326781860021 28.71265700000611 22.17429378807812 22.737948566218545 20.987658397258137 19.7588301273127 18.15388346883388 24.6719323118397 23.118549781506626 27.207918626752765 27.81066286516738 11.980517726709476 11.018188099683178 12.674179894573061 10.125973335931711 8.631971385494742 11.088926819129071 18.08485122968945 22.998520169784836 24.182824979724764 21.84419797108605 26.470600295422088 13.251793237143417 14.152055681066264 14.432785767134492 12.449645778093446 21.326305470005813 0.11177208953938429 1.6441183047457382 1.6441183047457382 1.6441183047457382 1.6441183047457382 1.6441183047457382 10.376540560321633 10.376540560321633 10.376540560321633 10.376540560321633 8.600417896823386 8.600417896823386 8.600417896823386 8.600417896823386 
18.80930434651957 8.799714143084422 34.31417409759413 5.917426636638598 6.605629720170516 8.994358954366898 10.163494379395306 7.887828852098656 0.0 5.218331725752972 17.33178077982756 16.828488464505657 23.39011244094393 26.20441491428496 19.126633917132413 12.459972792907694 18.662438479469934 25.97283783108808 6.357394828072266 10.6950828421289 17.49416488432643 19.25125710181026 26.5559525907093 17.288839897459862 17.926415146369898 13.58866487187023 11.558133975690021 21.432249182015408 7.402992975817281 6.510706336489152 1.4668605932398608 8.538784222592815 18.000240248396686 11.80316101728685 20.15374947745456 15.148707403603781 8.148186178530779 15.120337628505522 18.75813969987429 14.717639824374015 21.78220282707881 18.038587112077266 18.779429410927264 25.808590352826325 30.886638875086426 25.561402035099718 22.148998284346856 10.4071414903421 15.768908300830468 24.34763384807649 19.80870036120492 20.69696443926017 11.069642857834213 13.939703583649116 5.691040326688962 5.400494792146365 4.569665633282154 8.538784222592815 8.908699680649246 10.08569997570818 3.438435109173939 16.566139954739004 17.164051066109074 18.03149913346087 18.375 19.51962153833931 19.282 14.605142245113534 15.371324276066781 11.933159556462822 23.31167460737216 21.489251685435676 23.292390624407794 13.161481147652038 13.685264374501502 8.23236326943849 6.9426169417590655 6.652336882630043 12.16956700133575 5.382372896780749 18.5364687305862 20.579065527861072 35.06797105622166 25.828213449636817 17.321884424045784 31.082325041733927 22.231441023919256 18.02366391719508 16.72813031991322 14.884185735202312 10.32705151531646 14.336361114313492 10.601599973588892 17.372131993511907 13.936092422196403 13.036518131771228 14.963946003644896 20.253393814370963 19.991921618493805 34.99237931321619 27.98140761291326 19.782643731311545 21.164073166571693 18.423580135250585 17.29565043587549 16.992012388178157 17.801078619005086 17.7128537508782 21.457135875973755 21.797988737495942 5.602749771317651 12.490621481735806 11.345822138567131 5.230185082767147 0.9375126665810969 3.849234988929617 12.799792498318087 17.409813841623922 19.466660422373426 18.110706032620595 24.115683278729634 10.372312567600343 12.128101087969213 13.017231080379576 11.568153698840623 17.382748948310795 7.852676295378539 8.799714143084422 8.799714143084422 8.799714143084422 8.799714143084422 8.799714143084422 5.917426636638598 5.917426636638598 5.917426636638598 5.917426636638598 6.605629720170516 6.605629720170516 6.605629720170516 6.605629720170516 
23.50445753468903 11.857375805801215 37.95001725954812 10.50377836780651 11.729007204363036 12.117231738313832 15.236278416988842 11.55945439888925 5.218331725752972 0.0 18.843217904593683 19.556814515661795 25.35899434125888 26.081902250411108 22.938632500652695 17.118563607966646 23.55414706585658 30.38677075636699 9.87379668617903 15.586479557616594 20.117235123147516 21.646445112304235 27.84463467169214 20.394333649325244 21.776744338858368 18.16430524407691 16.601401296276165 26.643538597566202 10.68263305557202 11.186554474010306 4.341499510537805 10.740995950096993 20.357880660815358 16.64191058742956 24.890889256914868 20.1291073324179 13.360702077361054 19.925356809854122 23.739478448356863 19.083991196812054 24.08744423968637 21.920535144015076 22.562546066434965 29.493722213379577 34.306362748038445 29.56348558610774 26.08135082774663 15.384208136917545 20.949725177195045 29.54305637539894 25.00899526170534 25.753102822766813 13.491230670328042 15.8195970239447 10.712407479180392 10.612898284634598 9.639138239490084 10.740995950096993 10.107176856076082 12.316720748640847 5.94639806941984 19.260918799475792 20.08357211752929 20.762623268749063 20.744236814112973 21.659221154048915 21.62658072835371 18.419282342154375 19.599689895506 16.789084102475634 28.19912787658512 26.037383893164076 26.847979905385806 18.094521601855075 18.712068966311556 13.449466494995256 10.565645649935455 11.720759872977519 8.371049456310718 0.4448145681067557 20.996078514808424 23.06403824138349 36.21305510447855 28.54546759119563 21.33550941505733 35.071855154810386 26.870963361963785 22.314267296956 21.15303727600365 19.29246777890273 15.159231675780935 19.105751385381314 15.704799266466287 22.240170233161432 18.32153448813718 17.313015133130335 19.977318989293835 24.0147524867528 23.588260300412152 38.59993968907205 32.61471486921203 24.041006488913894 25.672163777134173 22.664402683503486 21.622070437402613 21.742170291854492 18.784743437161975 20.326893761713816 23.56085656337647 23.62586474607861 9.034276340692706 17.703851586589852 16.28489981547323 9.771113037929712 4.336764231544067 1.888832443601073 15.900302198386042 19.88484015525395 22.510573737690475 21.82422536998736 28.259392668633204 14.968163882053137 16.858824454866358 17.85694959952567 16.579935886486414 21.019391927455942 11.486274113044667 11.857375805801215 11.857375805801215 11.857375805801215 11.857375805801215 11.857375805801215 10.50377836780651 10.50377836780651 10.50377836780651 10.50377836780651 11.729007204363036 11.729007204363036 11.729007204363036 11.729007204363036 
15.932586262123296 25.242495795780574 21.759415640131515 13.56244126254562 15.913248222785944 25.348582169423203 15.89355193152242 23.84122415061777 17.33178077982756 18.843217904593683 0.0 4.6301348792448795 6.624423371132011 10.630486160096346 10.52675163571365 13.235966039545433 17.561776248432274 18.722551375280027 11.45546131764234 14.490718477701511 4.3384248293591545 4.24105234582173 9.224396619833731 6.344080705665716 10.165111165157024 12.945102857837785 15.949258164566777 24.590240543760448 23.869812106508085 13.645042029982907 16.473685228266323 8.796161719750268 3.4309654617906022 14.307724661874088 17.06682433846438 16.632301734877228 18.462917239699692 15.04381883033693 18.548104485364536 11.960300874141922 5.907747878845204 10.381774896423059 10.200261957420507 14.481555890165946 17.7444804375896 15.906701386522599 13.006008226969564 15.089299818083013 19.808598991347168 26.073360907255513 22.928181022488463 20.700729745591097 27.764664917841163 30.7968742082699 19.429270830373433 17.708048142017233 15.652650542320302 8.796161719750268 8.781218878948412 7.297668737343454 14.031837406412604 4.462607757802607 5.500093090121294 4.970370811116611 3.6443449342783127 3.5355339059327373 4.074082596119033 9.093585926354907 11.345460986667751 14.458870011173072 20.56809539067728 16.438120725922413 11.895853731447778 15.410011713168814 16.50132073501997 18.240180371915187 23.16029587462129 15.479743570227512 27.108831328554167 18.525828267583613 4.080508301670271 5.4985737241579296 17.736360083173775 10.732659735592106 10.798995555143081 20.469020616531708 17.626112588997042 12.717491340669355 12.99101493340686 12.251188105649183 14.048580640050439 14.478971821230953 16.327394066414886 16.625923884103404 11.89459108166397 11.187054125193104 16.8969910043179 10.881754729821841 9.88606620451229 22.274615260425936 21.904070329507256 13.43803810085386 15.938032124449995 12.60523423027117 12.609367509911035 15.424667257351128 1.9049999999999994 4.367529393146657 5.078563281086494 4.836185273539467 11.987417570102412 19.190655278025293 14.968243216890887 13.726778973961808 17.204615805068126 17.225358777105342 6.6503618698534 3.710389871698122 7.007352781186345 9.532053713654786 15.609446018356962 12.72004296376392 13.63555869775786 14.60541611868693 15.647629373167044 8.85812260019018 23.860655900456717 25.242495795780574 25.242495795780574 25.242495795780574 25.242495795780574 25.242495795780574 13.56244126254562 13.56244126254562 13.56244126254562 13.56244126254562 15.913248222785944 15.913248222785944 15.913248222785944 15.913248222785944 
11.35600889397327 23.699883143171824 18.858487956355354 11.85841178235939 13.688402682563074 23.75800886017176 12.751612054952112 22.165307035996587 16.828488464505657 19.556814515661795 4.6301348792448795 0.0 7.102631061796747 14.700811848330009 5.95421271034215 9.532154111217464 13.055329103473417 14.32922876501035 10.48093321226693 11.217278502381939 0.7545283294880315 2.67430813482665 11.241468320464188 1.7370840509313312 5.5351935828839816 8.976040608196913 12.484909651254991 20.225375472410892 22.411689204520037 11.701444568941053 16.328249140676412 8.815887703459023 1.8130562594690767 10.760374064129927 12.454942553059007 12.507891908711077 15.887886265957471 10.846272078460876 14.078575815756366 7.740733944530067 5.131893997346398 5.752142991963952 5.6091436957881555 10.838143014372895 14.998665573976906 11.844378328979534 8.670389206950285 11.883670224303602 15.79484070828193 21.555052725521225 18.616165502057616 16.176553310269774 26.255789552020712 29.308724707840835 17.538781827709702 15.781234679200484 14.025649218485398 8.815887703459023 9.761810180494189 7.249783996782249 13.961512955263839 0.31220025624589065 0.9100137361600648 1.21304121941507 2.0248824657248625 3.4500940566888896 2.795084971874737 4.934488018021728 6.991753571172257 10.881352719216485 15.938401707825035 11.816341650443254 8.107587125649653 11.586397628253573 12.623627410534581 15.632412257869865 21.63591851528379 13.26471296334753 27.921101357217267 19.322705038373897 1.9424595233878101 3.8061699909489066 19.404654544721996 9.039943915755229 6.19141922340912 16.84609563073889 13.004036373372694 8.107032070986275 8.490485027370344 8.004156732598382 10.882163617590024 10.394675271503194 13.090835038300652 12.20057219969621 7.843511968499826 7.384805007581447 12.817007763124746 6.4434063196418085 5.515155301530503 19.45421851424518 17.450850409077493 8.816545185048392 11.315761971692405 7.979524609900016 8.042919121811433 10.986536897494133 6.533637884058161 0.9582170943998021 5.130952348248813 5.990142318843518 11.227168521047505 15.711115460081121 11.533675563323255 12.251932255770924 16.954643552726196 17.747468833611176 4.117363233915609 1.1263187825833318 3.149263405941142 4.913364325999041 11.293590571647265 9.617164862889686 10.010587395352982 10.78734503944321 12.172969563750664 4.228414005274319 22.204976581838586 23.699883143171824 23.699883143171824 23.699883143171824 23.699883143171824 23.699883143171824 11.85841178235939 11.85841178235939 11.85841178235939 11.85841178235939 13.688402682563074 13.688402682563074 13.688402682563074 13.688402682563074 
16.52820577074233 30.70307777731737 16.337535677084226 18.83414245459559 20.775410272723857 30.772885158853725 19.780636642939477 29.194654647726182 23.39011244094393 25.35899434125888 6.624423371132011 7.102631061796747 0.0 10.437 10.253413334104891 16.381573123482372 18.483945736773844 16.43795318766908 17.174821250889337 18.225553846179817 6.348579447403963 4.428338288794117 4.531400004413645 7.715459351198735 10.659502802663921 15.64444939906803 19.39778721916497 25.86197906193569 29.388653609854263 18.73245763374363 22.68853631241998 14.938034274964025 5.51805771988659 17.66537839957016 17.236993067237684 18.852391890685915 22.987821166870077 17.150983936789167 19.59808166632643 14.188796213914697 2.2090015844267756 10.809809665299385 10.135447548085876 10.744208858729431 12.344681000333706 12.883539342897976 11.190955499866845 18.904098021328604 22.189046779886695 26.611343182936107 24.426548057390345 21.379974391939765 33.257524877837795 36.312064441449756 24.59408945254937 22.83555718610781 21.00204418622149 14.938034274964025 15.252625544475942 13.34491183934911 20.250025283934832 7.267001100866849 7.262987883784469 6.140003990226717 5.181311127504312 3.889471043728183 4.319128152764167 11.674681151962996 13.27709493827622 17.76795747968798 20.10160364249579 15.830379717492566 8.93090975209133 18.28936658279887 19.249549319399662 22.731024196018975 28.62769515696295 20.349101454364025 33.671728690401395 25.058509971664314 5.164394349776168 3.596793294032895 12.312307744691893 5.003692436591203 11.673289168010875 16.135445020203193 16.927431051402927 13.300043195418576 14.26002664794144 14.393434927076997 17.92456306301495 16.876836492660583 20.087681249960138 17.955331297416933 14.487972390917923 14.249905438282742 19.211463661054044 9.880450647617245 8.926622317539822 16.74533517132458 19.663973250592058 13.145543161086955 15.385392585176369 12.959203717821556 13.568597421988759 16.772838906994846 7.401194498187437 6.146476388956522 1.987128581647398 1.80535232018573 17.839127248831428 22.567077458102546 18.476625232980183 19.16526869104631 23.3810304734415 23.682389955407796 11.113535531054014 6.198381240291694 6.311484452963502 9.898584191691254 13.347015996094408 16.686486628406833 16.892429665385617 17.518617553905333 19.08624730008495 9.744860440252594 29.230055576409704 30.70307777731737 30.70307777731737 30.70307777731737 30.70307777731737 30.70307777731737 18.83414245459559 18.83414245459559 18.83414245459559 18.83414245459559 20.775410272723857 20.775410272723857 20.775410272723857 20.775410272723857 
25.88005311045555 34.74905733973225 25.789071037941635 23.627018114861638 26.166858523712776 34.89519924001008 26.47861032984926 33.50170683711503 26.20441491428496 26.081902250411108 10.630486160096346 14.700811848330009 10.437 0.0 19.83516412838573 23.854901907155266 27.682241040060326 26.825994147468233 21.218010886979958 25.105018820944945 14.12296973019485 12.797517767129687 7.334596444249678 16.15788414366188 19.86873093581973 23.508080738333362 26.576745474192283 34.91966887013678 33.34008509287282 23.83504512267598 25.039109269301097 18.204611201560994 12.964631888333736 24.93809962687614 26.82912583369052 27.147740918905207 28.828848138626697 25.514034745606192 28.73473006659363 22.405855149937928 12.100241526515081 20.06349884740944 19.609075959871234 21.168290554506285 22.02384276187968 23.316717286101834 21.398504293524816 25.691000077848276 30.378769066570158 36.12512013820853 33.31697718881472 30.762601970574593 37.17507135164639 40.118281680550574 29.379832351461776 27.73681641789483 25.56792641181525 18.204611201560994 17.33414690718871 17.037428943358798 22.766785565819344 14.64828891031304 15.384480621717458 14.442459970517488 12.900387048457112 11.680635085473734 12.578905715522316 19.550046982040733 21.690296655417143 25.088781755996045 30.029713418545974 25.745912005598093 19.320478772535633 26.018250075668043 27.1019307430301 28.624500414854406 32.71119828132256 25.74104382110407 33.52619638432013 25.675464650128532 13.218951849522714 13.018505482581324 12.098098404294783 15.052768682205942 20.715654394684226 26.333963792031007 26.899578007842425 22.573206462529864 23.151821980137978 22.680496864045992 24.650556383173182 25.006276432127994 26.927483079560186 26.8870563096818 22.422622527260273 21.780986387213964 27.434096467716955 19.760970674539244 18.73595871579568 26.05693706098244 30.065594971661543 22.856823226336594 25.269039712660234 22.345139829502074 22.632163064983427 25.67122599331789 9.17262018182373 14.033281334028759 11.16292242201835 9.858086021130065 21.548596798863727 29.814392262798183 25.595553070797276 23.644587647070523 25.820295292656898 24.904032063101752 17.271942131677026 13.584089700822798 15.745389960239155 19.133143704054493 23.700045337509376 23.322195544159214 24.262395533005392 25.212239567321266 26.27604705810979 18.673409222742375 33.50360231378112 34.74905733973225 34.74905733973225 34.74905733973225 34.74905733973225 34.74905733973225 23.627018114861638 23.627018114861638 23.627018114861638 23.627018114861638 26.166858523712776 26.166858523712776 26.166858523712776 26.166858523712776 
