1 ; number of test cases ; for now it is ignored
5 ; number of periods
1 ; number of depots
3 ; number of total vehicles
3  ; number of vehicle per depot
140.0 140.0 140.0  ; Maximum allowable load of each vehicle 
 ; t(total period) lines containg  v (total vehicle) values each referring maximum time limit (route duration) for that day for that vehicle (NEW)
0.0 0.0 0.0 
0.0 0.0 0.0 
0.0 0.0 0.0 
0.0 0.0 0.0 
0.0 0.0 0.0 
163 ; number of clients
1 1 2 1 3 1 1 1 1 3 1 1 1 1 1 1 1 1 1 1 1 1 1 1 2 1 1 1 1 1 1 1 1 1 1 1 1 1 1 1 1 1 2 1 1 1 1 3 1 1 1 1 1 1 1 1 1 1 1 1 1 1 1 1 1 1 1 1 1 1 1 3 1 1 1 1 1 1 1 1 1 1 1 1 1 1 1 1 1 1 1 1 1 1 1 1 2 1 1 1 1 1 2 1 1 1 1 1 1 1 1 1 1 3 1 1 1 1 1 1 1 1 1 1 1 1 1 1 1 1 1 3 1 1 1 1 3 2 1 1 1 1 1 1 1 1 1 1 1 2 1 1 2 1 1 1 1 1 1 1 1 1 1  ; frequency
0.0 0.0 0.0 0.0 0.0 0.0 0.0 0.0 0.0 0.0 0.0 0.0 0.0 0.0 0.0 0.0 0.0 0.0 0.0 0.0 0.0 0.0 0.0 0.0 0.0 0.0 0.0 0.0 0.0 0.0 0.0 0.0 0.0 0.0 0.0 0.0 0.0 0.0 0.0 0.0 0.0 0.0 0.0 0.0 0.0 0.0 0.0 0.0 0.0 0.0 0.0 0.0 0.0 0.0 0.0 0.0 0.0 0.0 0.0 0.0 0.0 0.0 0.0 0.0 0.0 0.0 0.0 0.0 0.0 0.0 0.0 0.0 0.0 0.0 0.0 0.0 0.0 0.0 0.0 0.0 0.0 0.0 0.0 0.0 0.0 0.0 0.0 0.0 0.0 0.0 0.0 0.0 0.0 0.0 0.0 0.0 0.0 0.0 0.0 0.0 0.0 0.0 0.0 0.0 0.0 0.0 0.0 0.0 0.0 0.0 0.0 0.0 0.0 0.0 0.0 0.0 0.0 0.0 0.0 0.0 0.0 0.0 0.0 0.0 0.0 0.0 0.0 0.0 0.0 0.0 0.0 0.0 0.0 0.0 0.0 0.0 0.0 0.0 0.0 0.0 0.0 0.0 0.0 0.0 0.0 0.0 0.0 0.0 0.0 0.0 0.0 0.0 0.0 0.0 0.0 0.0 0.0 0.0 0.0 0.0 0.0 0.0 0.0  ; service time for every client 
2.0 2.0 12.0 3.0 54.0 3.0 9.0 4.0 3.0 41.0 2.0 2.0 3.0 9.0 8.0 9.0 6.0 2.0 3.0 6.0 2.0 4.0 4.0 8.0 18.0 8.0 3.0 3.0 3.0 2.0 3.0 3.0 3.0 2.0 2.0 5.0 3.0 3.0 3.0 6.0 3.0 3.0 19.0 4.0 3.0 3.0 9.0 22.0 3.0 3.0 3.0 4.0 2.0 2.0 2.0 3.0 5.0 6.0 8.0 3.0 3.0 3.0 3.0 6.0 3.0 6.0 5.0 2.0 2.0 7.0 3.0 30.0 6.0 3.0 3.0 2.0 3.0 2.0 6.0 9.0 4.0 3.0 3.0 3.0 3.0 3.0 3.0 9.0 2.0 2.0 5.0 2.0 2.0 3.0 3.0 3.0 12.0 2.0 8.0 3.0 9.0 8.0 10.0 3.0 3.0 3.0 3.0 3.0 3.0 2.0 2.0 3.0 3.0 20.0 4.0 2.0 4.0 3.0 3.0 3.0 3.0 5.0 2.0 3.0 3.0 3.0 2.0 3.0 9.0 9.0 6.0 21.0 3.0 3.0 5.0 3.0 105.0 11.0 3.0 3.0 3.0 3.0 5.0 3.0 2.0 6.0 4.0 3.0 6.0 13.0 2.0 2.0 10.0 7.0 5.0 4.0 3.0 5.0 3.0 3.0 2.0 2.0 5.0  ; demand for every client 
; COST MATRIX
0.0 37.34346796964631 37.955253918265385 38.322021084488746 38.85761830066274 54.22693979932853 52.796565229188914 51.3038400122252 39.8248791586365 36.95135450832622 38.41465605729147 39.30160429295476 39.715021087744624 40.30873850668115 39.85097238462319 37.28155039694567 40.169642766646554 42.02934689000056 46.29213000068154 48.743911414657724 49.068058857060976 50.15153038542294 53.217324246902905 53.820865842162 57.261027758851824 60.37938721119981 57.21358055566877 50.29048617780504 46.00838619208459 40.66906932793029 43.64014894566699 43.73036702338548 40.122000199391856 38.89455617435427 37.89588104266742 35.772683712576 28.85487133916906 30.85320890928527 28.925462831214993 29.355035343191123 23.30831611249513 30.96382566802752 32.30101701185274 40.843782880629455 46.57523161509774 44.37408703286187 36.50342449688796 35.42988851238457 31.838299263622737 31.141371196528905 30.595100915015788 31.360006377550373 29.890373032131933 30.29783160557864 30.31113656727507 29.629419501569718 29.836784344161483 28.984832240328732 29.364000068110613 28.543027169520755 28.688569152190215 28.601090888286063 28.199902482100892 23.159965457659904 28.506255453847317 28.564751005391244 29.049160056703876 28.869793902970628 28.996394603467515 28.94730384681793 29.05530760463568 29.044009709404797 29.183043021590468 28.01533865581496 29.15274429620649 29.95662531060533 32.61049677634488 31.671454024089265 32.179212233987336 33.156724808098886 51.037658645357155 28.81877513011266 27.44569182950213 26.962703870346534 27.584089617023796 27.557213211789033 25.050127744185257 23.865801893085425 25.440786151375118 24.520067291914188 22.973728474063584 21.250310585965558 19.934823801578986 20.079890437948112 18.36235551338662 18.477535008761315 19.03983718417781 19.18318273905558 18.56422904405136 17.951058464614277 17.397910794115486 20.3464124601857 23.937560443787916 19.924038245295556 8.270816162870505 21.50910969798611 25.211745278738636 24.334742653251954 25.145735224884554 23.148747266320914 18.63549570041001 26.488488065572938 30.280069352628633 29.268715380077758 33.58117478588264 31.56887866237887 32.21422356661728 28.051418858945443 26.505631477103123 27.169477359713785 27.91279455733517 27.951132356310715 27.963950007107368 27.325440527098554 27.459060435491963 25.853017232036958 26.292883067476644 22.61916001977085 20.66960328598495 20.349685501255298 18.721805468490476 17.724562053828013 17.678362480727674 11.944559430971074 11.031921863392617 11.172555661083098 13.197734654098785 37.925202702161 31.98936854644055 31.86192712313554 31.48768013048913 30.80147561400265 30.72751210234893 29.24880339432709 29.154349589726746 28.55472290182484 31.985021494443302 28.04361068050974 27.479878092888256 26.592585432785583 24.49986530575219 24.593173849668123 23.202295145092865 23.224006975541496 22.839897110101003 22.095141999996287 20.84188091319975 22.689065648457188 22.38758807911205 21.643128239697695 20.92564455399164 19.250602587971112 19.03734487789723 17.950334258726212 
37.34346796964631 0.0 0.6296824596572478 1.0259142264341592 1.5554099138169346 17.16019813405428 15.504686388314985 14.180246824368043 7.1618991894608515 6.364306717938726 9.60202062068188 9.87216794832827 10.242875572806692 10.559782194723526 12.406586960159512 8.787593527240551 13.838627099535561 13.14516641203146 16.88369923920703 16.327917809690252 15.17087340926685 16.798363015484576 21.073950744936273 21.943459162128473 24.978977160804643 27.514712428081086 24.62945391193235 20.28639938480952 17.031623528014 12.536610387182014 17.66044167058117 23.65515588619107 19.755163881881618 17.191151793873498 17.38136933615991 12.48655677118396 11.891652534446168 11.701559725096478 13.758233898287962 16.68831027995345 17.960517809907376 21.069639294491967 21.99754759058382 24.79748374331557 30.343559448423314 36.95305400098888 32.76697422710861 28.393555606862623 33.96305787175236 33.78990381756065 33.4792174341038 32.314680874178535 32.007114834049005 31.02523489032758 30.97214232177038 30.482173478936833 29.734190757442853 29.27642225409382 27.58164788405508 27.960733180658906 29.429525990066505 29.737306535730504 31.386979784617697 30.223067349294645 30.55523523064419 30.580183125677976 30.850317664490913 31.111084841258748 31.61189807651543 31.590799293465178 31.637302350232073 31.691647164513242 38.94923105787841 34.84586919564499 36.553852054195325 36.658095968012304 38.212706002061665 40.60783175694068 40.8167183884251 41.43149767990533 51.61283948786387 40.86556007202153 29.94694308272549 29.707541130157505 29.43106182250311 29.297143205438992 29.95687734060411 30.75669845740924 27.203606378566796 26.952968296645917 22.278904820479845 22.935267602537362 25.878690075040506 25.89741685960204 24.40414923737355 25.048403142715504 25.960277348287324 26.377590868007637 26.972771455673588 27.044217496537037 27.64882095135342 37.70036206722689 38.349041709017975 53.459529552737365 33.78421228917436 19.48986403236308 18.49493173818168 18.082259261497164 16.770503868399423 17.463725261237933 25.805396722391226 14.003635242321902 10.675916822456045 10.330832493076247 5.816227299547362 7.529787513602225 7.867528201411164 11.06822930734632 12.573118149448847 11.610155037724518 10.372545492790088 10.425545549274627 10.312618484167828 10.847400610284474 11.150542587695004 11.974593938835671 12.08991728673112 15.726061172461463 18.135161978874077 17.155713334047054 18.81597725338761 19.857283298578384 19.746212295020026 25.74420517320354 26.58900712700645 26.44802071989509 24.165049141270124 4.71444588472495 5.563281405789213 5.852264518970413 5.95430936381374 6.655231025291307 6.699149199711854 8.299765056915767 8.373105755930709 9.100197800048084 5.7309859535685455 9.301704144940324 9.892628568787973 10.815035829806575 12.86583071550376 12.803655727955197 14.210126670793613 14.181766462609657 14.726469366416376 15.419030449415422 16.586120703769158 14.75839083369186 15.011079241680125 15.72423607047414 16.792391134082127 18.61854183334452 19.26218315767971 20.356642650496177 
37.955253918265385 0.6296824596572478 0.0 0.3999999999999986 0.9257429448826495 16.530701739490674 14.881787527041231 13.550944616520278 7.174322267643125 6.628219972209733 9.780679935464612 9.997699735439145 10.348961300536399 10.634777853815283 12.545760240017342 9.032103852370167 13.986082367839824 13.183311420125067 16.810342054818513 16.101801141487247 14.866960012053573 16.5108358358988 20.812335284633484 21.687768442142676 24.682852347328094 27.178456541900974 24.321186237517278 20.13585111188499 16.9767635313684 12.63462306521251 17.7282965904793 23.82759114975746 19.98560481946944 17.43423069710849 17.660478475964347 12.819336956332803 12.470256613237757 12.224778116595818 14.309385032208757 17.20432503761772 18.569073751805718 21.540232125025952 22.442285979819435 25.06440703467768 30.538822832584756 37.27622969131937 33.18721591215509 28.80469579773409 34.45487773886305 34.28946339620963 33.98406244109141 32.8056900552328 32.51520413591155 31.52515344926968 31.471722228057363 30.988878650251287 30.236206772675704 29.78822921893814 28.085049403552777 28.475724749336937 29.945358571905594 30.254859113867973 31.912944082299898 30.797215783248976 31.075734906836882 31.100053054617128 31.365108002364664 31.628678442198623 32.12935417962832 32.10876671564948 32.154144367406204 32.208772097054556 39.48968599520639 35.383155596978625 37.08560097935586 37.182152976932365 38.715374207154454 41.131906107060004 41.33678749007959 41.944826856240574 51.98509882649066 41.41666452045602 30.478453044733094 30.24408867861619 29.960135179935357 29.826318914676683 30.513642850371046 31.325021947318728 27.755311203443565 27.514665180590516 22.867148925915536 23.53768892648554 26.48272078167196 26.500356601374254 25.022310045237628 25.66407995623455 26.570188181493936 26.985644331755356 27.583460624076885 27.65826097208572 28.26465283706842 38.30087466364182 38.92929616625505 54.089061740799316 34.4136092265836 20.106469108224847 19.0746952793485 18.677183941911586 17.36435717209249 18.077710031970312 26.418190702620045 14.603852231517546 11.234344662685047 10.926307702055622 6.356886030125127 8.11608279898622 8.414826201413788 11.67981164231684 13.191095481422307 12.23010220725894 10.997490622864836 11.04916738944614 10.937586571085964 11.474537027697458 11.772055895212185 12.60426911804092 12.716288766774683 16.355381377393805 18.76397612447852 17.77947693268843 19.439745368702752 20.48145014397174 20.36617784465215 26.36707795717986 27.210542074718028 27.04652473054533 24.773342527805973 4.866590182047386 6.192915307026249 6.479729932643799 6.5824387577857495 7.283364607102956 7.3260698877365344 8.928874509141677 9.001877581927006 9.729835558733765 6.2686920485855735 9.911811136215217 10.513239272460225 11.43811610362476 13.484320524223682 13.42499534450571 14.809436181029987 14.781779324560357 15.35281733103081 16.043864871034035 17.207501271247956 15.3814238612685 15.631570618463137 16.32982853553582 17.374443875992117 19.197525882258894 19.82741536358181 20.92495161284728 
38.322021084488746 1.0259142264341592 0.3999999999999986 0.0 0.537587202228626 16.1389002103613 14.503365126755927 13.160094984459645 7.279484871884821 6.878175630208927 9.976657756984551 10.162775211525638 10.50204741943208 10.768960024069177 12.71519170126821 9.266007770339932 14.15890179357142 13.291790699525778 16.84599655704583 16.037580864955913 14.749999999999998 16.404136673412594 20.721228245449158 21.600354163763146 24.56654635881894 27.03339601307982 24.196530743063143 20.11955516406861 17.024056508364865 12.779737868986201 17.851064394035443 24.009875051736525 20.202583993143058 17.659456390274304 17.90565553114434 13.096236100498492 12.86092142888681 12.594173255914816 14.689809392909083 17.56965565968781 18.967828025369695 21.88400329007469 22.773322111628772 25.300444660124057 30.73284399465822 37.541727450931184 33.50473548619657 29.11794120469371 34.807737645529336 34.64597090572004 34.34304150770575 33.15824633481089 32.87574333760379 31.881958848226372 31.828372562856554 31.348853248563973 30.59405497805088 30.150598667356505 28.443663617755007 28.839606446690635 30.3095447012983 30.619805681943834 32.28157369150395 31.185581604324774 31.44196717764332 31.46600228818399 31.728756672772413 31.993582168928814 32.49417486258113 32.47381868521163 32.51868693536072 32.573440100793775 39.864411446803025 35.756617569339525 37.45661223335607 37.549760318808964 39.07316470418028 41.4994180682091 41.70249393021957 42.307452062254946 52.2763665531567 41.79583830957336 30.84957212020938 30.617395382363927 30.33021101146512 30.196445155017834 30.89534592782544 31.711212528063317 28.135054647183463 27.89840138789318 23.26049225618409 23.935053791458248 26.88044828495239 26.897823332009597 25.42227369847158 26.063863873186566 26.96914718710994 27.384247296575452 27.98255349320358 28.05785807933314 28.66444836378331 38.69766142805015 39.31974186080066 54.48437023587589 34.80529413753029 20.506342921154907 19.465353837010003 19.07262960370174 17.75952983611897 18.477326646460522 26.81762107272008 15.000816644436394 11.618024789093884 11.322199432972376 6.735725647619563 8.509688595947562 8.795072484067427 12.079155599626986 13.59106324023253 12.630098970316897 11.3968767651493 11.448847103529681 11.33696608445134 11.873036679805212 12.171988333875445 12.99798445913827 13.11518204219827 16.751432774542003 19.160970747850957 18.16077641512058 19.820991398010342 20.863216434672772 20.742545648979537 26.746940011896687 27.588649840106346 27.40048357237514 25.136875303028418 5.064750734241519 6.5878828162012715 6.878001163128718 6.971405884038025 7.6722486925281554 7.712801047609097 9.319914162694847 9.392007240201638 10.12312698725053 6.580615472735052 10.278715873103993 10.891106463532527 11.818904348542635 13.859397533803552 13.803423488395913 15.165203592434887 15.138196722199114 15.738011310200534 16.426734307220045 17.58573569686523 15.761859027411708 16.008810074455877 16.69129413796306 17.714606967133083 19.53481507463022 20.153173447375476 21.25308448202284 
38.85761830066274 1.5554099138169346 0.9257429448826495 0.537587202228626 0.0 15.60507930130443 13.965822567969276 12.62554949299237 7.283687253033314 7.093299655308522 10.101291996571529 10.241923647440455 10.56321920628366 10.802689479939707 12.79595639254839 9.449132235290183 14.242699884502235 13.28513831316784 16.736552811137663 15.80104426928803 14.450761225624065 16.115784188180236 20.449031761919684 21.332203355490496 24.263029489327998 26.696113949412183 23.883402186455765 19.940303407922357 16.929929119757116 12.82541617258481 17.859633254913156 24.10075724951397 20.347388038763107 17.818445498976615 18.095482861753094 13.340719620770088 13.326248534377557 13.006805910753032 15.126999041449034 17.97153860970173 19.464133682237186 22.240993682837104 23.10599056521923 25.47254404255688 30.839087210875743 37.75827988666857 33.81071575699041 29.416962793599208 35.18077884299891 35.026511387804526 34.728761855269184 33.530829098010685 33.26488388676564 32.263380170093775 32.20947841862702 31.7369500740068 30.9777791327913 30.54390282855156 28.829238630251755 29.236301065627302 30.70673704580153 31.018615378511015 32.68834960654942 31.64178408370805 31.843506402404874 31.86691858338362 32.12464785799215 32.39216726309001 32.892534107301614 32.872683188325226 32.916439661664505 32.97146038621887 40.28471794613933 36.17418001835011 37.868403716026904 37.953868050568964 39.456031224642956 41.903084611994856 42.10215433917842 42.70037587656578 52.53458384721441 42.22687414431715 31.262093659894244 31.034975430955313 30.740411513185702 30.606772126442866 31.333371985791764 32.16117535165654 28.568333868113488 28.34195829507905 23.73294124207954 24.423484599868218 27.37054073269288 27.38661169257709 25.93055726358383 26.56870339327834 27.466446803327145 27.879203718901298 28.480781239284852 28.560427167673804 29.169388063516177 39.18290443548054 39.781891609122866 55.01437266751299 35.3391581676757 21.01275089082817 19.929420463224716 19.55315319839744 18.23913649271807 18.9804583717043 27.31861270269777 15.488140624361597 12.064514080558736 11.80571048264356 7.174468621438106 8.986000222568437 9.234830805163677 12.580341807757053 14.100000000000001 13.141841575669675 11.916215842288189 11.96607287291867 11.85634851039729 12.396289767507051 12.68599621630087 13.530003695490995 13.636898474359922 17.28033853835046 19.688092848216662 18.698277995580234 20.358499453545196 21.400682232115873 21.28002349622763 27.284519420359963 28.126219084690355 27.931389152707748 25.671550401173672 5.214259295432096 7.118482984456732 7.402276676806942 7.5068302232034005 8.207728065670793 8.249151471515116 9.854186927392844 9.92685247195706 10.65557600507828 7.09045132555044 10.814665968026937 11.428683213739017 12.356427477228198 14.39678089018514 14.341007635448772 15.697197202048525 15.670456279253646 16.274888632491468 16.96406201356267 18.123313714660462 16.299411032304203 16.54635307250513 17.22540275291118 18.23888428605215 20.0573677236072 20.668647754509728 21.77000229673851 
54.22693979932853 17.16019813405428 16.530701739490674 16.1389002103613 15.60507930130443 0.0 2.5633766793040795 2.984124662275357 18.274364558035938 20.316712332461666 21.508323970035416 21.002802193993066 20.97130658781183 20.733359592695056 22.85268036795684 21.745790397224013 23.997633216632007 21.750186206099478 22.08372477640491 18.387531101265335 15.948222471485654 17.111312047882244 20.338087422370865 21.093169510531126 22.113762682999024 22.819943032356587 21.487000721366392 22.657113673193237 22.562096533788697 22.313103773343588 25.427960987857443 32.36680398185771 30.137984338704538 28.203519283947525 28.97218666238363 25.694834111159384 28.37572554138484 27.49931817336568 29.81375856882188 32.10449345496671 34.757160413359436 35.529026161717404 35.9603128462476 35.251967320987916 38.789039689066804 47.71462040087923 45.74233269084558 41.386239258961425 48.336558628019844 48.32218951992966 48.12404804253274 46.71561837330209 46.75123313881678 45.63551248753541 45.5772969799658 45.238175250555805 44.42064947746712 44.16200289841936 42.35786231622177 42.942019048945525 44.38754104475714 44.72026162714167 46.493282310458575 46.27466909660187 45.57480444280589 45.587059567381615 45.7528676696882 46.06156749395313 46.54806655490644 46.53739356689414 46.560941786007724 46.61953774974608 54.2143615659172 50.10914686960855 51.677214514716255 51.62353339321128 52.71085372103168 55.50857591399729 55.63040984929016 56.09381605845692 62.96058449538092 56.3275705139144 45.190983613990966 45.05252046223385 44.640280017042905 44.511358101051016 45.68131018261188 46.68994859710171 42.882875370012215 42.82029075099794 38.69046911062206 39.58410413284605 42.5323806058396 42.53098870235678 41.325426797554066 41.92106988138543 42.72165258975828 43.10207071591805 43.74305430579808 43.87744864961954 44.51367093377045 54.213028876829966 54.43987692858976 70.60608259916422 50.94416747773978 36.40629615876902 34.83037323945869 34.66292111175859 33.354870708788546 34.35036681026856 42.62104292482764 30.725185109287786 26.960066765495966 27.06344582642794 22.231871266269962 24.247649370609103 24.18794741188264 27.981988849972762 29.555143376407432 28.625521829304702 27.45979788709305 27.495548730658207 27.400410580865387 27.962598234069738 28.18937743193347 29.133528794157428 29.191041433974224 32.87224056860134 35.2690303240676 34.25836102325971 35.916249804232066 36.96112146566984 36.79644140402711 42.823830982293025 43.648400887088634 43.153783148178334 41.03452692550506 18.488158372320378 22.720609586892692 22.98500815749257 23.108980938154758 23.809546404751185 23.8461107940058 25.45880005027731 25.53043869579996 26.259999999999998 22.245363561875088 26.29645793638375 26.980958100112012 27.923241215876068 29.920461226391545 29.88886749276392 31.03334496956459 31.013792093196212 31.860497485130388 32.536313558852974 33.661625035045475 31.856963132100336 32.08035068386878 32.609446484109476 33.35860908371331 35.11294490640168 35.54870602427042 36.66759468522581 
52.796565229188914 15.504686388314985 14.881787527041231 14.503365126755927 13.965822567969276 2.5633766793040795 0.0 2.099738078904129 15.953811456827484 18.12717573148117 19.131390435616538 18.5930094390338 18.5410086025545 18.281206196528718 20.376086474099974 19.4329128027684 21.496169426202425 19.224476585852734 19.523319389898838 15.854097262222153 13.414354252068934 14.616774610015714 17.974996522948203 18.754692746083578 19.97166993518569 20.900117224551632 19.357678063238886 20.167025065685817 20.000562492090065 19.817832878496073 22.86741130954704 29.804041672229623 27.603159239478366 25.6973928638685 26.48290203131069 23.32605838970656 26.34908916831851 25.36 27.69141563734147 29.870232674018457 32.77454042393272 33.171511873895646 33.56034862750982 32.70416640124007 36.22786910653178 45.15729509171248 43.250517915974136 38.90576949502477 45.92608191431095 45.92495291233296 45.73718071766121 44.31132248082876 44.37698615273461 43.2520207620407 43.193509929154864 42.86923605570782 42.04760397454295 41.80893923552713 39.999939999955 40.60271542643423 42.04115721528131 42.375451620012264 44.15654424884266 44.07034944268084 43.231313882416295 43.24219351513056 43.39678329093068 43.70948752845314 44.19317820659654 44.18359989860491 44.2047440892943 44.263612595449096 51.877926905380484 47.78108935551805 49.32980640545835 49.2595016215146 50.30142145108824 53.13061358576616 53.24380902978299 53.69253672532152 60.40364641310987 54.011440454777734 42.87359210516422 42.74761864712466 42.32052102703841 42.192573991165794 43.42552705494776 44.46404614967018 40.6293649962684 40.595492360605746 36.58444068179805 37.53547655218993 40.47556423325066 40.468290055301324 39.36890651262745 39.94184021799697 40.698512257820916 41.06555977945509 41.72021692177547 41.877356650103884 42.52463991617095 52.09011614500394 52.224091184050295 68.79901888835334 49.220447986583785 34.46305993378997 32.725873555949576 32.6165602110339 31.316514812475543 32.40288876010903 40.61755777985673 28.74076721314168 24.907037158200893 25.110894050192634 20.275245991109454 22.322293788945615 22.17869473165632 26.081104271100177 27.6733120533123 26.76574303097151 25.650551650987936 25.674183531321887 25.59188934017963 26.173914495161014 26.344967261319567 27.41405478946885 27.384061057483784 31.106438240338605 33.47722808118976 32.66032761623802 34.32057837507987 35.361586502870594 35.24565221413841 41.248767254307126 42.091923215742945 41.801838476315844 39.60082448636644 16.366187705143798 21.01754029376416 21.242572819693944 21.448442833921533 22.148340795644263 22.198903126055573 23.777611318212767 23.85667621442685 24.55525402027028 20.848896853310965 24.768407296392713 25.394349765252898 26.319637155553643 28.3619198927012 28.306488655430222 29.601773595512817 29.57829271611193 30.22547600948577 30.922567810581317 32.0889217643722 30.262997207811388 30.51217461932204 31.15351184056141 32.036112435812186 33.82280000236526 34.32902561972885 35.445061715279884 
51.3038400122252 14.180246824368043 13.550944616520278 13.160094984459645 12.62554949299237 2.984124662275357 2.099738078904129 0.0 15.509977433897184 17.440120412428346 18.797473234453612 18.340657022037128 18.34300139017603 18.146823413479282 20.31058837158589 18.961445092608315 21.516956104430754 19.36232424064838 20.136258341608553 16.70752225795315 14.289184721319822 15.637007386325555 19.268803803038736 20.084342160001157 21.540902952290555 22.65005077257002 20.942401963480695 21.161895000212056 20.589443897298437 19.821089778314406 23.262592288908817 30.232515608199062 27.761918161395116 25.724317289288745 26.443649521198843 22.96215364463882 25.4202832399641 24.585086943104347 26.890057642184406 29.239057782356802 31.789105051888452 32.76815069545427 33.252369840358746 32.93733747587986 36.777310940306656 45.463325879218296 43.19703693541953 38.81702976787379 45.63333102020933 45.60040569994965 45.38873208187247 44.00456794470319 44.00105453281773 42.89742416509411 42.83961951278279 42.48261409094313 41.67049435751873 41.389159208662356 39.59159633053459 40.1554230459598 41.60738876690052 41.93824984426507 43.70195991028319 43.38243884338454 42.79090791277979 42.804590875278784 42.98235568230294 43.28649904993472 43.77577526440851 43.76391207376233 43.79008221047318 43.848344324501014 51.419159853113115 47.30747932409842 48.894299258707036 48.858819060636336 50.00368086451236 52.75851590027907 52.89102475845973 53.37360021583704 60.694087026661826 53.51231820805374 42.381717756598775 42.2321039021264 41.833522443131656 41.703764818059284 42.82193479981959 43.81035608163896 40.02324324689342 39.941673725571384 35.75549468263584 36.63019655966918 39.58 39.5803233943332 38.35156972015617 38.95086776953756 39.760414987773956 40.14404688120021 40.781537489408116 40.91090930302087 41.54485407363949 51.280195982464804 51.55165564751533 67.6222367272778 47.964395128053056 33.43129372309722 31.89650294311274 31.709999999999997 30.400236841182668 31.376387618717356 39.655432162567585 27.758746369387787 24.01316722133921 24.092449024538784 19.26421812584149 21.273516399504803 21.23068062969249 25.00347375866001 26.57447083198459 25.643371463206623 24.475794164847844 24.511797159735146 24.416398178273546 24.978488745318437 25.206427751666833 26.152103165902354 26.206962815251977 29.888780503727478 32.285019746006036 31.292575796824394 32.951267046958904 33.99571296501957 33.84009604005284 39.864000050170574 40.69239363812357 40.252329125157466 38.10768164032024 15.579505768797672 19.739100790056266 20.00153994071456 20.131219535835378 20.83195862131067 20.870074269153903 22.479735318726508 22.552101897605905 23.279145173309086 19.318985480609477 23.340859024466084 24.014747552285446 24.95464686185721 26.960433972768314 26.92447585376547 28.10338947529283 28.082758055433228 28.888428479237145 29.567544706992493 30.7001628660175 28.89121146646502 29.11925308108022 29.673708901989315 30.46318762047071 32.22959664656074 32.69193325577427 33.81024253092545 
39.8248791586365 7.1618991894608515 7.174322267643125 7.279484871884821 7.283687253033314 18.274364558035938 15.953811456827484 15.509977433897184 0.0 2.876178019525217 3.366481843111591 3.160965042514707 3.382853824805324 3.539519741433859 5.646538762817451 3.4792240514229635 7.084546562766034 6.012403845384974 9.798168196147687 9.955023857329527 9.513621812958512 10.890188244470343 14.816187093851104 15.626240750737203 18.902690284718737 21.72825349631212 18.65631260458507 13.418569223281596 9.910610475646799 5.5732396323861755 10.577107355038049 16.91337931934361 13.38686296336823 10.971841231078765 11.451043620561405 7.459845842911234 11.299707960828016 9.812120056338488 12.147929864795895 13.980432754389257 17.683783531812416 17.26135857920807 17.756534008640315 18.613199617475768 23.681089501963378 31.099919614044023 27.943532346501936 23.5306183514161 30.134002389327573 30.09298921675944 29.878882174539264 28.501596446515062 28.492121718117097 27.387478890909257 27.32969081420425 26.974930954499218 26.161431535755074 25.88978369936682 24.088090418295927 24.667667096829405 26.113617137424683 26.446115026597006 28.21918673526932 28.19359147040334 27.30052014156507 27.312890729470585 27.48158110444157 27.788810697833043 28.27619670323433 28.265133999328572 28.289582888406116 28.348059898342253 35.94052030786422 31.83722663800979 33.40315104896543 33.35522747636418 34.501137662401796 37.24995570467165 37.38109281441622 37.86581835904251 46.12441002332714 38.06166049977327 26.923658740966097 26.794245650885564 26.371594566882 26.243189592730534 27.488981428928938 28.55693435927603 24.696416744135174 24.694633020152374 20.96513295927312 22.092643572012836 24.973862336450885 24.947901715374783 24.244160121563297 24.719565125624687 25.3069476626479 25.62471658379854 26.3188601576892 26.553404678119904 27.232812928524297 36.35070975923304 36.32223836714913 53.953036059150556 34.91532901176789 19.501066637494475 17.15503716113725 17.26135857920807 16.023888416985436 17.484807691250136 25.29634163273417 13.78791499828745 9.801591707472822 10.580004725896865 6.496683769431909 8.341372788696114 7.611070883916403 11.779885398423875 13.35140816543334 12.655484976878602 11.988598750479557 11.92862104352385 11.942215037420821 12.583850761988558 12.373398886320606 14.13091999835821 13.544198019816456 17.21232697807011 19.302603451348215 19.639574842648706 21.19538157240865 22.148781004831847 22.320360660168554 27.8855966405598 28.794584560295363 29.639814439365168 27.090086747738557 2.718308297452663 9.117483205358813 8.953803661014687 9.751851106328479 10.240864221343822 10.386000192566915 11.327510759209192 11.444863476686823 11.784226745951555 11.421567318017258 13.22685525739206 13.312944828248934 13.963158668438886 16.018888850354134 15.813437323997588 17.93424935702635 17.8880546734406 17.18634632491735 17.951002757506334 19.26705478271134 17.476741687168122 17.863182807103552 19.147898056966984 20.783657041050308 22.589583882842994 23.486789904114186 24.480622949590153 
36.95135450832622 6.364306717938726 6.628219972209733 6.878175630208927 7.093299655308522 20.316712332461666 18.12717573148117 17.440120412428346 2.876178019525217 0.0 3.3970575502926077 3.9104603309584904 4.3660622991432465 4.851082353454743 6.272623055787746 2.428868049112592 7.6495751516015575 7.496519192265168 11.807561136830925 12.585233410628506 12.334285548826895 13.648450461499285 17.424264690367856 18.202335015046835 21.54132075802224 24.433636651141388 21.328309825206496 15.672498205455314 11.818468597919109 6.581565163393885 11.725749442999367 17.356923690562223 13.394569795256587 10.82721109058099 11.03226178079545 6.261701046840227 8.539613574395506 7.257940479226872 9.602551744197998 11.799648299843518 14.977456392859237 15.57249177235294 16.279327381682574 18.439446846367165 24.00666574099785 30.66783657188749 26.83957153160236 22.429427099237287 28.550840618097393 28.453112307795084 28.19775877618645 26.903877044024714 26.769284637434748 25.709282370381327 25.65314015866284 25.24066758229663 24.449181990406142 24.100649368844817 22.329731301562948 22.83373381643922 24.29815219311954 24.62313140118454 26.35954665771018 25.959187198369676 25.468608128439215 25.485870595292603 25.69491194769891 25.985719154951244 26.480991295644504 26.46596682534005 26.49913394811234 26.55631186742617 34.05634448968357 29.93695041249192 31.561338691506734 31.570650927720827 32.88494032228126 35.50027042150524 35.66216622696945 36.20029005408658 45.4554639179934 36.11272351955748 25.003235790593184 24.8336062624823 24.460944380787918 24.329706122351745 25.382956880552747 26.37437582199814 22.584423835909565 22.504935014347407 18.491565644909574 19.527214343064912 22.44194733083562 22.42518673277884 21.57092719379489 22.076985754400443 22.726768358039823 23.065925084418357 23.744683615495912 23.949791230822868 24.619149051094354 33.972354937507646 34.12321497162892 51.256204502479505 32.1146851144457 16.76973464310035 14.643664158946013 14.64303588741078 13.375328033360528 14.73439852861324 22.689030389155022 11.023765236977791 7.0419599544445015 7.723114656665405 3.73755267521409 5.481395807638781 4.737256590052939 8.912782954835151 10.492802294906735 9.782969896713372 9.117768367314449 9.05531887897936 9.072050484868345 9.713212650817443 9.497504935508063 11.26611290552336 10.668106673632392 14.34283793396551 16.455032664811093 16.76776967876169 18.320049126571686 19.272615286981683 19.447038334923906 25.013758214230823 25.921930869439493 26.777217928679597 24.220528483086408 2.0047942537826646 6.618647898173766 6.37157751267298 7.2484067214802455 7.6539466943531815 7.8101600495764485 8.589883584775757 8.70933407328023 8.989883202800803 9.323529374652068 10.56909173013462 10.57262975801196 11.175482092509478 13.204559818486947 12.988379421621467 15.162008442155678 15.114089453222117 14.319710192598173 15.084538441729 16.402371779715274 14.620345413156285 15.012358242461442 16.332960539963352 18.02054383197133 19.811978699766463 20.737417872049548 21.71210031295913 
38.41465605729147 9.60202062068188 9.780679935464612 9.976657756984551 10.101291996571529 21.508323970035416 19.131390435616538 18.797473234453612 3.366481843111591 3.3970575502926077 0.0 0.8872992730753226 1.3277424449041317 1.9296113598338906 2.8755868966178 1.2946814279968661 4.264270160297069 4.315020278052004 8.807843095786843 10.373952959214728 10.718740597663516 11.73692463978533 15.045829987076152 15.750714269518063 19.17035471763629 22.19079538907968 19.03348628076317 12.817394431006639 8.740812319229832 3.2381785003300823 8.343068979698055 14.053682791354015 10.252633807953934 7.7520126418885535 8.14353731495104 4.195771681109447 9.55996861919536 7.658126402717573 9.856946788940276 11.145514792955954 15.595313398582281 14.042524701776387 14.457638119692993 15.419429302020227 20.758439247689115 27.83517558773431 24.577343225011116 20.16495970737358 26.838295400416175 26.815197183686713 26.615859933505813 25.21257226067979 25.247562258562706 24.12782625932141 24.06954091793194 23.738249724863877 22.91761985896441 22.680002204585428 20.869549587856465 21.48341220569954 22.91572822320949 23.250965571347784 25.037773463309392 25.278026030526988 24.1074677226788 24.11739621103406 24.266571657323166 24.580659063580864 25.063249988778388 25.054041590130723 25.074427211802863 25.1333662687671 32.75670618361986 28.669039049120567 30.202239983153568 30.128133032101406 31.210429346614248 34.00329983986849 34.12240466321212 34.587734820308775 42.8068779520301 34.90973503193629 23.779003343285858 23.673951930338962 23.22307903788815 23.09670539276111 24.466640554027844 25.593126030244918 21.690666195393813 21.754348990489238 18.379390631900723 19.643820911421482 22.444353410156417 22.403754149695533 21.994028735090804 22.397269922916944 22.857865167158547 23.135645657729114 23.852085862666183 24.139380687996123 24.833890150357032 33.55905391991854 33.35018140880196 51.65293892897093 32.98786746669145 17.45341227382199 14.67723747849029 14.976157718186597 13.827226764611913 15.527153634842415 22.898115642995606 11.963552983959238 8.148545882548616 9.34608474175149 6.6505413313504045 7.873531609131954 6.814631317980454 10.590812055739637 12.013996004660566 11.51536799238305 11.197700656831294 11.092501972053016 11.163838945452412 11.774909766108614 11.349264293336375 13.355691670594975 12.499059964653341 15.901804929000985 17.745571278490868 18.6591988038072 20.101726294027586 20.980002383221983 21.276158017837716 26.494703244233555 27.413976362432354 28.70237969228336 26.077308143288104 4.9147126060432065 9.731664811325965 9.405796085393304 10.339177917029962 10.641170048448622 10.806747891942331 11.29279859025211 11.413435065745983 11.523141932650141 12.631144049530908 13.381079926523125 13.216175694958054 13.671934757012266 15.561812233798479 15.302352760278401 17.63779181190208 17.585223910999826 16.323507588750648 17.077649135639252 18.39633115596694 16.71817274704386 17.14594121067724 18.640515014344427 20.49077841371577 22.221172336310254 23.223214678420387 24.135047130677002 
39.30160429295476 9.87216794832827 9.997699735439145 10.162775211525638 10.241923647440455 21.002802193993066 18.5930094390338 18.340657022037128 3.160965042514707 3.9104603309584904 0.8872992730753226 0.0 0.481040538832231 1.065316854273884 2.554153480118219 2.124547010541305 4.000812417497228 3.605343256889698 8.033181188047486 9.489467845985889 9.842789238828598 10.850110598514656 14.174402985663985 14.886090823315572 18.301005436860567 21.313997747958968 18.158615035293852 12.011049079909718 7.994529379519475 2.6977953962448673 7.8582758923316 13.859282088189131 10.233161779235196 7.811581145965264 8.315317191785292 4.813003220443551 10.446803338820922 8.533838526712348 10.715731426272308 11.906653602083162 16.461849835301013 14.626564873544302 14.967384541061273 15.453559460525591 20.605875375727184 27.940810653952045 24.91879009903972 20.517292706397694 27.336221392138306 27.331961144418454 27.14667751309541 25.71902214315311 25.795280576105387 24.663675719567834 24.60500152408042 24.293624678091987 23.46807618872923 23.256401269327977 21.441735004425365 22.07819059615167 23.500027659558192 23.836746841798696 25.630739357263966 25.989661406028358 24.693798816707 24.70210719756515 24.837713260282236 25.156353074322993 25.635151647688765 25.627260875872004 25.644746050604596 25.703964674734518 33.34291678902732 29.267321367012727 30.77873616638604 30.686070129620703 31.711212528063317 34.5438402613259 34.652699750524484 35.099870370131 42.98072242296539 35.51398738525428 24.39491135462476 24.303088281121806 23.837376113993756 23.712277410657965 25.14 26.287902160499605 22.373575932335893 22.46121100920429 19.180471839868797 20.46626492548164 23.25107524395377 23.207957686965905 22.840078808970866 23.234564768895495 23.677290807860597 23.948549016589713 24.667989378950203 24.963048692016766 25.659247845562426 34.30185126199459 34.036793327221645 52.48295913913391 33.857242947410825 18.32125814457075 15.502167590372645 15.82547313668694 14.68699084223858 16.402268135840238 23.724965753399943 12.84719813811556 9.035623940824449 10.224020735503228 7.368039087844198 8.686218970300022 7.651176380139199 11.469088891450792 12.898565811748218 12.392973815836132 12.054891123523262 11.952543662333971 12.020049916701675 12.634753658065517 12.221133335333509 14.216441186175953 13.373780318219675 16.787581719830882 18.632380416897888 19.536453106948557 20.983729411141383 21.864295094971617 22.15698535451066 27.381994083703983 28.30127205621683 29.58148914439569 26.958458783839994 5.1581876662254125 10.414345874801738 10.111384672733994 11.030979104322515 11.363846179881174 11.527449848080014 12.07756597994811 12.198368743401716 12.334508502571149 13.227339112610668 14.150971698084904 14.01565553229673 14.493298451353299 16.40245408467891 16.14702759024087 18.467533673991227 18.415477186323464 17.1933998964719 17.94878268852793 19.26836007552277 17.582451478676116 18.008087072201754 19.489486909613603 21.323829393427435 23.062458672049686 24.056242433098316 24.97593241502707 
