1 ; number of test cases ; for now it is ignored
4 ; number of periods
1 ; number of depots
2 ; number of total vehicles
2  ; number of vehicle per depot
20.0 20.0  ; Maximum allowable load of each vehicle 
 ; t(total period) lines containg  v (total vehicle) values each referring maximum time limit (route duration) for that day for that vehicle (NEW)
0.0 0.0 
0.0 0.0 
0.0 0.0 
0.0 0.0 
20 ; number of clients
4 4 4 4 2 2 2 2 2 2 2 2 1 1 1 1 1 1 1 1  ; frequency
0.0 0.0 0.0 0.0 0.0 0.0 0.0 0.0 0.0 0.0 0.0 0.0 0.0 0.0 0.0 0.0 0.0 0.0 0.0 0.0  ; service time for every client 
5.0 5.0 5.0 5.0 2.0 2.0 2.0 2.0 2.0 2.0 2.0 2.0 1.0 1.0 1.0 1.0 1.0 1.0 1.0 1.0  ; demand for every client 
; COST MATRIX
0.0 10.0 10.0 50.0 50.0 20.000426020462665 20.000426020462665 20.000426020462665 20.000426020462665 39.99998601249755 39.99998601249755 39.99998601249755 39.99998601249755 30.000328481535 29.999712298620466 29.999712298620466 30.000328481535 30.000328481535 29.999712298620466 29.999712298620466 30.000328481535 
10.0 0.0 20.0 40.0 60.0 12.39342733064587 29.09359106401271 29.09359106401271 12.39342733064587 31.736081689458764 48.91644795976094 48.91644795976094 31.736081689458764 20.50511421572677 23.994223013050455 37.73914066324245 39.743926693269756 39.743926693269756 37.73914066324245 23.994223013050455 20.50511421572677 
10.0 20.0 0.0 60.0 40.0 29.09359106401271 12.39342733064587 12.39342733064587 29.09359106401271 48.91644795976094 31.736081689458764 31.736081689458764 48.91644795976094 39.743926693269756 37.73914066324245 23.994223013050455 20.50511421572677 20.50511421572677 23.994223013050455 37.73914066324245 39.743926693269756 
50.0 40.0 60.0 0.0 100.0 34.174801257651815 68.0596579553556 68.0596579553556 34.174801257651815 25.217035531560803 86.97182808818036 86.97182808818036 25.217035531560803 22.41025901233629 35.758673605154875 74.30533451913126 79.35880360111284 79.35880360111284 74.30533451913126 35.758673605154875 22.41025901233629 
50.0 60.0 40.0 100.0 0.0 68.0596579553556 34.174801257651815 34.174801257651815 68.0596579553556 86.97182808818036 25.217035531560803 25.217035531560803 86.97182808818036 79.35880360111284 74.30533451913126 35.758673605154875 22.41025901233629 22.41025901233629 35.758673605154875 74.30533451913126 79.35880360111284 
20.000426020462665 12.39342733064587 29.09359106401271 34.174801257651815 68.0596579553556 0.0 34.642 40.00085204092533 20.0 19.999559995159892 52.91549342111439 60.000412031918586 34.640762116327636 11.869324917618526 11.869247364513052 40.132287811686 46.35291388898869 49.59024728714307 49.58952031427608 31.45471400283271 21.248079301433343 
20.000426020462665 29.09359106401271 12.39342733064587 68.0596579553556 34.174801257651815 34.642 0.0 20.0 40.00085204092533 52.91549342111439 19.999559995159892 34.640762116327636 60.000412031918586 46.35291388898869 40.132287811686 11.869247364513052 11.869324917618526 21.248079301433343 31.45471400283271 49.58952031427608 49.59024728714307 
20.000426020462665 29.09359106401271 12.39342733064587 68.0596579553556 34.174801257651815 40.00085204092533 20.0 0.0 34.642 60.000412031918586 34.640762116327636 19.999559995159892 52.91549342111439 49.59024728714307 49.58952031427608 31.45471400283271 21.248079301433343 11.869324917618526 11.869247364513052 40.132287811686 46.35291388898869 
20.000426020462665 12.39342733064587 29.09359106401271 34.174801257651815 68.0596579553556 20.0 40.00085204092533 34.642 0.0 34.640762116327636 60.000412031918586 52.91549342111439 19.999559995159892 21.248079301433343 31.45471400283271 49.58952031427608 49.59024728714307 46.35291388898869 40.132287811686 11.869247364513052 11.869324917618526 
39.99998601249755 31.736081689458764 48.91644795976094 25.217035531560803 86.97182808818036 19.999559995159892 52.91549342111439 60.000412031918586 34.640762116327636 0.0 69.282 79.9999720249951 40.0 13.482017430637002 13.482676032598274 55.867170010660104 64.78481601424828 69.41377662971523 69.41311608766746 43.34538675568601 28.336633427420413 
39.99998601249755 48.91644795976094 31.736081689458764 86.97182808818036 25.217035531560803 52.91549342111439 19.999559995159892 34.640762116327636 60.000412031918586 69.282 0.0 40.0 79.9999720249951 64.78481601424828 55.867170010660104 13.482676032598274 13.482017430637002 28.336633427420413 43.34538675568601 69.41311608766746 69.41377662971523 
39.99998601249755 48.91644795976094 31.736081689458764 86.97182808818036 25.217035531560803 60.000412031918586 34.640762116327636 19.999559995159892 52.91549342111439 79.9999720249951 40.0 0.0 69.282 69.41377662971523 69.41311608766746 43.34538675568601 28.336633427420413 13.482017430637002 13.482676032598274 55.867170010660104 64.78481601424828 
39.99998601249755 31.736081689458764 48.91644795976094 25.217035531560803 86.97182808818036 34.640762116327636 60.000412031918586 52.91549342111439 19.999559995159892 40.0 79.9999720249951 69.282 0.0 28.336633427420413 43.34538675568601 69.41311608766746 69.41377662971523 64.78481601424828 55.867170010660104 13.482676032598274 13.482017430637002 
30.000328481535 20.50511421572677 39.743926693269756 22.41025901233629 79.35880360111284 11.869324917618526 46.35291388898869 49.59024728714307 21.248079301433343 13.482017430637002 64.78481601424828 69.41377662971523 28.336633427420413 0.0 15.528809645301214 51.9613816694668 57.956 60.00065696307 57.955681041637334 30.000328481535 15.53 
29.999712298620466 23.994223013050455 37.73914066324245 35.758673605154875 74.30533451913126 11.869247364513052 40.132287811686 49.58952031427608 31.45471400283271 13.482676032598274 55.867170010660104 69.41311608766746 43.34538675568601 15.528809645301214 0.0 42.426 51.9613816694668 57.955681041637334 59.99942459724093 42.426 30.000328481535 
29.999712298620466 37.73914066324245 23.994223013050455 74.30533451913126 35.758673605154875 40.132287811686 11.869247364513052 31.45471400283271 49.58952031427608 55.867170010660104 13.482676032598274 43.34538675568601 69.41311608766746 51.9613816694668 42.426 0.0 15.528809645301214 30.000328481535 42.426 59.99942459724093 57.955681041637334 
30.000328481535 39.743926693269756 20.50511421572677 79.35880360111284 22.41025901233629 46.35291388898869 11.869324917618526 21.248079301433343 49.59024728714307 64.78481601424828 13.482017430637002 28.336633427420413 69.41377662971523 57.956 51.9613816694668 15.528809645301214 0.0 15.53 30.000328481535 57.955681041637334 60.00065696307 
30.000328481535 39.743926693269756 20.50511421572677 79.35880360111284 22.41025901233629 49.59024728714307 21.248079301433343 11.869324917618526 46.35291388898869 69.41377662971523 28.336633427420413 13.482017430637002 64.78481601424828 60.00065696307 57.955681041637334 30.000328481535 15.53 0.0 15.528809645301214 51.9613816694668 57.956 
29.999712298620466 37.73914066324245 23.994223013050455 74.30533451913126 35.758673605154875 49.58952031427608 31.45471400283271 11.869247364513052 40.132287811686 69.41311608766746 43.34538675568601 13.482676032598274 55.867170010660104 57.955681041637334 59.99942459724093 42.426 30.000328481535 15.528809645301214 0.0 42.426 51.9613816694668 
29.999712298620466 23.994223013050455 37.73914066324245 35.758673605154875 74.30533451913126 31.45471400283271 49.58952031427608 40.132287811686 11.869247364513052 43.34538675568601 69.41311608766746 55.867170010660104 13.482676032598274 30.000328481535 42.426 59.99942459724093 57.955681041637334 51.9613816694668 42.426 0.0 15.528809645301214 
30.000328481535 20.50511421572677 39.743926693269756 22.41025901233629 79.35880360111284 21.248079301433343 49.59024728714307 46.35291388898869 11.869324917618526 28.336633427420413 69.41377662971523 64.78481601424828 13.482017430637002 15.53 30.000328481535 57.955681041637334 60.00065696307 57.956 51.9613816694668 15.528809645301214 0.0 
