Test cases (Now ignored): 1
Problem Instance : 
Period : 4
Depot : 1
Vehicle Count : 2
Vehicle per depot : 2
Depot allocation per depot : 0 0
Load capacity per vehicle : 30.0 30.0
Time constraints per vehicle :
0.0 0.0 
0.0 0.0 
0.0 0.0 
0.0 0.0 
Load capacity per vehicle : 30.0 30.0
Clients : 38
Frequency allocation : 4 4 4 4 4 4 2 2 2 2 2 2 2 2 2 2 2 2 2 2 2 2 1 1 1 1 1 1 1 1 1 1 1 1 1 1 1 1 
Service Time : 0.0 0.0 0.0 0.0 0.0 0.0 0.0 0.0 0.0 0.0 0.0 0.0 0.0 0.0 0.0 0.0 0.0 0.0 0.0 0.0 0.0 0.0 0.0 0.0 0.0 0.0 0.0 0.0 0.0 0.0 0.0 0.0 0.0 0.0 0.0 0.0 0.0 0.0 
Demand (load) : 5.0 5.0 5.0 5.0 5.0 5.0 2.0 2.0 2.0 2.0 2.0 2.0 2.0 2.0 2.0 2.0 2.0 2.0 2.0 2.0 2.0 2.0 1.0 1.0 1.0 1.0 1.0 1.0 1.0 1.0 1.0 1.0 1.0 1.0 1.0 1.0 1.0 1.0 
Printing cost matrix : 
0.0 10.0 10.0 50.0 50.0 90.0 90.0 20.000426020462665 20.000426020462665 20.000426020462665 20.000426020462665 39.99998601249755 39.99998601249755 39.99998601249755 39.99998601249755 60.000412031918586 60.000412031918586 60.000412031918586 60.000412031918586 79.9999720249951 79.9999720249951 79.9999720249951 79.9999720249951 30.000328481535 29.999712298620466 29.999712298620466 30.000328481535 30.000328481535 29.999712298620466 29.999712298620466 30.000328481535 70.00009938564372 69.99932869678108 69.99932869678108 70.00009938564372 70.00009938564372 69.99932869678108 69.99932869678108 70.00009938564372 
10.0 0.0 20.0 40.0 60.0 80.0 100.0 12.39342733064587 29.09359106401271 29.09359106401271 12.39342733064587 31.736081689458764 48.91644795976094 48.91644795976094 31.736081689458764 51.58303445901569 68.84249736899439 68.84249736899439 51.58303445901569 71.5147224283224 88.801100916599 88.801100916599 71.5147224283224 20.50511421572677 23.994223013050455 37.73914066324245 39.743926693269756 39.743926693269756 37.73914066324245 23.994223013050455 20.50511421572677 60.396307122207396 63.32429247926896 77.39409549830013 79.70140471785926 79.70140471785926 77.39409549830013 63.32429247926896 60.396307122207396 
10.0 20.0 0.0 60.0 40.0 100.0 80.0 29.09359106401271 12.39342733064587 12.39342733064587 29.09359106401271 48.91644795976094 31.736081689458764 31.736081689458764 48.91644795976094 68.84249736899439 51.58303445901569 51.58303445901569 68.84249736899439 88.801100916599 71.5147224283224 71.5147224283224 88.801100916599 39.743926693269756 37.73914066324245 23.994223013050455 20.50511421572677 20.50511421572677 23.994223013050455 37.73914066324245 39.743926693269756 79.70140471785926 77.39409549830013 63.32429247926896 60.396307122207396 60.396307122207396 63.32429247926896 77.39409549830013 79.70140471785926 
50.0 40.0 60.0 0.0 100.0 40.0 140.0 34.174801257651815 68.0596579553556 68.0596579553556 34.174801257651815 25.217035531560803 86.97182808818036 86.97182808818036 25.217035531560803 30.06408894345545 106.28381553181087 106.28381553181087 30.06408894345545 44.40490427869426 125.81015668061144 125.81015668061144 44.40490427869426 22.41025901233629 35.758673605154875 74.30533451913126 79.35880360111284 79.35880360111284 74.30533451913126 35.758673605154875 22.41025901233629 25.268832857890366 49.49955573538009 111.12878123150635 119.00215928293066 119.00215928293066 111.12878123150635 49.49955573538009 25.268832857890366 
50.0 60.0 40.0 100.0 0.0 140.0 40.0 68.0596579553556 34.174801257651815 34.174801257651815 68.0596579553556 86.97182808818036 25.217035531560803 25.217035531560803 86.97182808818036 106.28381553181087 30.06408894345545 30.06408894345545 106.28381553181087 125.81015668061144 44.40490427869426 44.40490427869426 125.81015668061144 79.35880360111284 74.30533451913126 35.758673605154875 22.41025901233629 22.41025901233629 35.758673605154875 74.30533451913126 79.35880360111284 119.00215928293066 111.12878123150635 49.49955573538009 25.268832857890366 25.268832857890366 49.49955573538009 111.12878123150635 119.00215928293066 
90.0 80.0 100.0 40.0 140.0 0.0 180.0 73.3637311005922 107.78588516591586 107.78588516591586 73.3637311005922 58.86101325155727 126.23541056692451 126.23541056692451 58.86101325155727 48.44470501509942 145.09724133835212 145.09724133835212 48.44470501509942 45.04703679488808 164.22775503549937 164.22775503549937 45.04703679488808 61.51406106736898 71.98362826365452 113.21803185888722 119.23111887842033 119.23111887842033 113.21803185888722 71.98362826365452 61.51406106736898 28.797810923749054 63.956594796783854 148.01812732905387 158.65280934795956 158.65280934795956 148.01812732905387 63.956594796783854 28.797810923749054 
90.0 100.0 80.0 140.0 40.0 180.0 0.0 107.78588516591586 73.3637311005922 73.3637311005922 107.78588516591586 126.23541056692451 58.86101325155727 58.86101325155727 126.23541056692451 145.09724133835212 48.44470501509942 48.44470501509942 145.09724133835212 164.22775503549937 45.04703679488808 45.04703679488808 164.22775503549937 119.23111887842033 113.21803185888722 71.98362826365452 61.51406106736898 61.51406106736898 71.98362826365452 113.21803185888722 119.23111887842033 158.65280934795956 148.01812732905387 63.956594796783854 28.797810923749054 28.797810923749054 63.956594796783854 148.01812732905387 158.65280934795956 
20.000426020462665 12.39342733064587 29.09359106401271 34.174801257651815 68.0596579553556 73.3637311005922 107.78588516591586 0.0 34.642 40.00085204092533 20.0 19.999559995159892 52.91549342111439 60.000412031918586 34.640762116327636 39.99998601249756 72.11195524321886 80.00083805186043 52.91501564773463 59.999546006615745 91.6519482007884 100.0003980442078 72.11064776439052 11.869324917618526 11.869247364513052 40.132287811686 46.35291388898869 49.59024728714307 49.58952031427608 31.45471400283271 21.248079301433343 50.944794876414996 50.94416536758651 77.61867129112686 85.32297337177133 89.46893195405877 89.46808443797151 67.64013590317512 57.61989348306711 
20.000426020462665 29.09359106401271 12.39342733064587 68.0596579553556 34.174801257651815 107.78588516591586 73.3637311005922 34.642 0.0 20.0 40.00085204092533 52.91549342111439 19.999559995159892 34.640762116327636 60.000412031918586 72.11195524321886 39.99998601249756 52.91501564773463 80.00083805186043 91.6519482007884 59.999546006615745 72.11064776439052 100.0003980442078 46.35291388898869 40.132287811686 11.869247364513052 11.869324917618526 21.248079301433343 31.45471400283271 49.58952031427608 49.59024728714307 85.32297337177133 77.61867129112686 50.94416536758651 50.944794876414996 57.61989348306711 67.64013590317512 89.46808443797151 89.46893195405877 
20.000426020462665 29.09359106401271 12.39342733064587 68.0596579553556 34.174801257651815 107.78588516591586 73.3637311005922 40.00085204092533 20.0 0.0 34.642 60.000412031918586 34.640762116327636 19.999559995159892 52.91549342111439 80.00083805186043 52.91501564773463 39.99998601249756 72.11195524321886 100.0003980442078 72.11064776439052 59.999546006615745 91.6519482007884 49.59024728714307 49.58952031427608 31.45471400283271 21.248079301433343 11.869324917618526 11.869247364513052 40.132287811686 46.35291388898869 89.46893195405877 89.46808443797151 67.64013590317512 57.61989348306711 50.944794876414996 50.94416536758651 77.61867129112686 85.32297337177133 
20.000426020462665 12.39342733064587 29.09359106401271 34.174801257651815 68.0596579553556 73.3637311005922 107.78588516591586 20.0 40.00085204092533 34.642 0.0 34.640762116327636 60.000412031918586 52.91549342111439 19.999559995159892 52.91501564773463 80.00083805186043 72.11195524321886 39.99998601249756 72.11064776439052 100.0003980442078 91.6519482007884 59.999546006615745 21.248079301433343 31.45471400283271 49.58952031427608 49.59024728714307 46.35291388898869 40.132287811686 11.869247364513052 11.869324917618526 57.61989348306711 67.64013590317512 89.46808443797151 89.46893195405877 85.32297337177133 77.61867129112686 50.94416536758651 50.944794876414996 
39.99998601249755 31.736081689458764 48.91644795976094 25.217035531560803 86.97182808818036 58.86101325155727 126.23541056692451 19.999559995159892 52.91549342111439 60.000412031918586 34.640762116327636 0.0 69.282 79.9999720249951 40.0 20.00042602046267 87.17843545854674 100.0003980442078 52.91518724336143 39.99998601249755 105.83000486157033 119.99995803749268 69.28202422706772 13.482017430637002 13.482676032598274 55.867170010660104 64.78481601424828 69.41377662971523 69.41311608766746 43.34538675568601 28.336633427420413 33.02772115965617 33.02686398978867 89.15871271502299 102.27333584566409 109.12925925250295 109.12852996810688 71.06710733525038 50.40030123917912 
39.99998601249755 48.91644795976094 31.736081689458764 86.97182808818036 25.217035531560803 126.23541056692451 58.86101325155727 52.91549342111439 19.999559995159892 34.640762116327636 60.000412031918586 69.282 0.0 40.0 79.9999720249951 87.17843545854674 20.00042602046267 52.91518724336143 100.0003980442078 105.83000486157033 39.99998601249755 69.28202422706772 119.99995803749268 64.78481601424828 55.867170010660104 13.482676032598274 13.482017430637002 28.336633427420413 43.34538675568601 69.41311608766746 69.41377662971523 102.27333584566409 89.15871271502299 33.02686398978867 33.02772115965617 50.40030123917912 71.06710733525038 109.12852996810688 109.12925925250295 
39.99998601249755 48.91644795976094 31.736081689458764 86.97182808818036 25.217035531560803 126.23541056692451 58.86101325155727 60.000412031918586 34.640762116327636 19.999559995159892 52.91549342111439 79.9999720249951 40.0 0.0 69.282 100.0003980442078 52.91518724336143 20.00042602046267 87.17843545854674 119.99995803749268 69.28202422706772 39.99998601249755 105.83000486157033 69.41377662971523 69.41311608766746 43.34538675568601 28.336633427420413 13.482017430637002 13.482676032598274 55.867170010660104 64.78481601424828 109.12925925250295 109.12852996810688 71.06710733525038 50.40030123917912 33.02772115965617 33.02686398978867 89.15871271502299 102.27333584566409 
39.99998601249755 31.736081689458764 48.91644795976094 25.217035531560803 86.97182808818036 58.86101325155727 126.23541056692451 34.640762116327636 60.000412031918586 52.91549342111439 19.999559995159892 40.0 79.9999720249951 69.282 0.0 52.91518724336143 100.0003980442078 87.17843545854674 20.00042602046267 69.28202422706772 119.99995803749268 105.83000486157033 39.99998601249755 28.336633427420413 43.34538675568601 69.41311608766746 69.41377662971523 64.78481601424828 55.867170010660104 13.482676032598274 13.482017430637002 50.40030123917912 71.06710733525038 109.12852996810688 109.12925925250295 102.27333584566409 89.15871271502299 33.02686398978867 33.02772115965617 
60.000412031918586 51.58303445901569 68.84249736899439 30.06408894345545 106.28381553181087 48.44470501509942 145.09724133835212 39.99998601249756 72.11195524321886 80.00083805186043 52.91501564773463 20.00042602046267 87.17843545854674 100.0003980442078 52.91518724336143 0.0 103.924 120.00082406383717 60.0 19.99955999515989 121.65569257539903 140.00038405661607 72.11090347513336 31.979047531157022 31.979874452536553 73.70069195061876 83.93854195183522 89.31673317469689 89.31602316493945 59.73501795429545 44.20926917514018 19.652534136848605 19.65220684808706 103.31535069872241 120.16598777524362 128.8949363551571 128.89414916899835 79.5352075121452 50.59903257968477 
60.000412031918586 68.84249736899439 51.58303445901569 106.28381553181087 30.06408894345545 145.09724133835212 48.44470501509942 72.11195524321886 39.99998601249756 52.91501564773463 80.00083805186043 87.17843545854674 20.00042602046267 52.91518724336143 100.0003980442078 103.924 0.0 60.0 120.00082406383717 121.65569257539903 19.99955999515989 72.11090347513336 140.00038405661607 83.93854195183522 73.70069195061876 31.979874452536553 31.979047531157022 44.20926917514018 59.73501795429545 89.31602316493945 89.31673317469689 120.16598777524362 103.31535069872241 19.65220684808706 19.652534136848605 50.59903257968477 79.5352075121452 128.89414916899835 128.8949363551571 
60.000412031918586 68.84249736899439 51.58303445901569 106.28381553181087 30.06408894345545 145.09724133835212 48.44470501509942 80.00083805186043 52.91501564773463 39.99998601249756 72.11195524321886 100.0003980442078 52.91518724336143 20.00042602046267 87.17843545854674 120.00082406383717 60.0 0.0 103.924 140.00038405661607 72.11090347513336 19.99955999515989 121.65569257539903 89.31673317469689 89.31602316493945 59.73501795429545 44.20926917514018 31.979047531157022 31.979874452536553 73.70069195061876 83.93854195183522 128.8949363551571 128.89414916899835 79.5352075121452 50.59903257968477 19.652534136848605 19.65220684808706 103.31535069872241 120.16598777524362 
60.000412031918586 51.58303445901569 68.84249736899439 30.06408894345545 106.28381553181087 48.44470501509942 145.09724133835212 52.91501564773463 80.00083805186043 72.11195524321886 39.99998601249756 52.91518724336143 100.0003980442078 87.17843545854674 20.00042602046267 60.0 120.00082406383717 103.924 0.0 72.11090347513336 140.00038405661607 121.65569257539903 19.99955999515989 44.20926917514018 59.73501795429545 89.31602316493945 89.31673317469689 83.93854195183522 73.70069195061876 31.979874452536553 31.979047531157022 50.59903257968477 79.5352075121452 128.89414916899835 128.8949363551571 120.16598777524362 103.31535069872241 19.65220684808706 19.652534136848605 
79.9999720249951 71.5147224283224 88.801100916599 44.40490427869426 125.81015668061144 45.04703679488808 164.22775503549937 59.999546006615745 91.6519482007884 100.0003980442078 72.11064776439052 39.99998601249755 105.83000486157033 119.99995803749268 69.28202422706772 19.99955999515989 121.65569257539903 140.00038405661607 72.11090347513336 0.0 138.564 159.9999440499902 80.0 51.6091817509249 51.609884033971625 92.4245443267101 103.41239202822841 109.254394991689 109.25372485183286 77.83097153447335 62.49726106798601 21.946402393103067 21.94628064160303 119.15806246326767 138.63496780394186 148.7224740851227 148.72176656427936 91.65783782088688 58.14090279656828 
79.9999720249951 88.801100916599 71.5147224283224 125.81015668061144 44.40490427869426 164.22775503549937 45.04703679488808 91.6519482007884 59.999546006615745 72.11064776439052 100.0003980442078 105.83000486157033 39.99998601249755 69.28202422706772 119.99995803749268 121.65569257539903 19.99955999515989 72.11090347513336 140.00038405661607 138.564 0.0 80.0 159.9999440499902 103.41239202822841 92.4245443267101 51.609884033971625 51.6091817509249 62.49726106798601 77.83097153447335 109.25372485183286 109.254394991689 138.63496780394186 119.15806246326767 21.94628064160303 21.946402393103067 58.14090279656828 91.65783782088688 148.72176656427936 148.7224740851227 
79.9999720249951 88.801100916599 71.5147224283224 125.81015668061144 44.40490427869426 164.22775503549937 45.04703679488808 100.0003980442078 72.11064776439052 59.999546006615745 91.6519482007884 119.99995803749268 69.28202422706772 39.99998601249755 105.83000486157033 140.00038405661607 72.11090347513336 19.99955999515989 121.65569257539903 159.9999440499902 80.0 0.0 138.564 109.254394991689 109.25372485183286 77.83097153447335 62.49726106798601 51.6091817509249 51.609884033971625 92.4245443267101 103.41239202822841 148.7224740851227 148.72176656427936 91.65783782088688 58.14090279656828 21.946402393103067 21.94628064160303 119.15806246326767 138.63496780394186 
79.9999720249951 71.5147224283224 88.801100916599 44.40490427869426 125.81015668061144 45.04703679488808 164.22775503549937 72.11064776439052 100.0003980442078 91.6519482007884 59.999546006615745 69.28202422706772 119.99995803749268 105.83000486157033 39.99998601249755 72.11090347513336 140.00038405661607 121.65569257539903 19.99955999515989 80.0 159.9999440499902 138.564 0.0 62.49726106798601 77.83097153447335 109.25372485183286 109.254394991689 103.41239202822841 92.4245443267101 51.609884033971625 51.6091817509249 58.14090279656828 91.65783782088688 148.72176656427936 148.7224740851227 138.63496780394186 119.15806246326767 21.94628064160303 21.946402393103067 
30.000328481535 20.50511421572677 39.743926693269756 22.41025901233629 79.35880360111284 61.51406106736898 119.23111887842033 11.869324917618526 46.35291388898869 49.59024728714307 21.248079301433343 13.482017430637002 64.78481601424828 69.41377662971523 28.336633427420413 31.979047531157022 83.93854195183522 89.31673317469689 44.20926917514018 51.6091817509249 103.41239202822841 109.254394991689 62.49726106798601 0.0 15.528809645301214 51.9613816694668 57.956 60.00065696307 57.955681041637334 30.000328481535 15.53 39.999770911843974 46.50364700751974 88.88129977109921 97.14613503891957 100.00042786408466 97.14557256509428 60.82734586516166 46.50479215091709 
29.999712298620466 23.994223013050455 37.73914066324245 35.758673605154875 74.30533451913126 71.98362826365452 113.21803185888722 11.869247364513052 40.132287811686 49.58952031427608 31.45471400283271 13.482676032598274 55.867170010660104 69.41311608766746 43.34538675568601 31.979874452536553 73.70069195061876 89.31602316493945 59.73501795429545 51.609884033971625 92.4245443267101 109.25372485183286 77.83097153447335 15.528809645301214 0.0 42.426 51.9613816694668 57.955681041637334 59.99942459724093 42.426 30.000328481535 46.50516982013934 39.99961639816062 76.15700070249616 88.88193742262823 97.145573671681 99.99904099540157 76.15700070249616 60.827580126123706 
29.999712298620466 37.73914066324245 23.994223013050455 74.30533451913126 35.758673605154875 113.21803185888722 71.98362826365452 40.132287811686 11.869247364513052 31.45471400283271 49.58952031427608 55.867170010660104 13.482676032598274 43.34538675568601 69.41311608766746 73.70069195061876 31.979874452536553 59.73501795429545 89.31602316493945 92.4245443267101 51.609884033971625 77.83097153447335 109.25372485183286 51.9613816694668 42.426 0.0 15.528809645301214 30.000328481535 42.426 59.99942459724093 57.955681041637334 88.88193742262823 76.15700070249616 39.99961639816062 46.50516982013934 60.827580126123706 76.15700070249616 99.99904099540157 97.145573671681 
30.000328481535 39.743926693269756 20.50511421572677 79.35880360111284 22.41025901233629 119.23111887842033 61.51406106736898 46.35291388898869 11.869324917618526 21.248079301433343 49.59024728714307 64.78481601424828 13.482017430637002 28.336633427420413 69.41377662971523 83.93854195183522 31.979047531157022 44.20926917514018 89.31673317469689 103.41239202822841 51.6091817509249 62.49726106798601 109.254394991689 57.956 51.9613816694668 15.528809645301214 0.0 15.53 30.000328481535 57.955681041637334 60.00065696307 97.14613503891957 88.88129977109921 46.50364700751974 39.999770911843974 46.50479215091709 60.82734586516166 97.14557256509428 100.00042786408466 
30.000328481535 39.743926693269756 20.50511421572677 79.35880360111284 22.41025901233629 119.23111887842033 61.51406106736898 49.59024728714307 21.248079301433343 11.869324917618526 46.35291388898869 69.41377662971523 28.336633427420413 13.482017430637002 64.78481601424828 89.31673317469689 44.20926917514018 31.979047531157022 83.93854195183522 109.254394991689 62.49726106798601 51.6091817509249 103.41239202822841 60.00065696307 57.955681041637334 30.000328481535 15.53 0.0 15.528809645301214 51.9613816694668 57.956 100.00042786408466 97.14557256509428 60.82734586516166 46.50479215091709 39.999770911843974 46.50364700751974 88.88129977109921 97.14613503891957 
29.999712298620466 37.73914066324245 23.994223013050455 74.30533451913126 35.758673605154875 113.21803185888722 71.98362826365452 49.58952031427608 31.45471400283271 11.869247364513052 40.132287811686 69.41311608766746 43.34538675568601 13.482676032598274 55.867170010660104 89.31602316493945 59.73501795429545 31.979874452536553 73.70069195061876 109.25372485183286 77.83097153447335 51.609884033971625 92.4245443267101 57.955681041637334 59.99942459724093 42.426 30.000328481535 15.528809645301214 0.0 42.426 51.9613816694668 97.145573671681 99.99904099540157 76.15700070249616 60.827580126123706 46.50516982013934 39.99961639816062 76.15700070249616 88.88193742262823 
29.999712298620466 23.994223013050455 37.73914066324245 35.758673605154875 74.30533451913126 71.98362826365452 113.21803185888722 31.45471400283271 49.58952031427608 40.132287811686 11.869247364513052 43.34538675568601 69.41311608766746 55.867170010660104 13.482676032598274 59.73501795429545 89.31602316493945 73.70069195061876 31.979874452536553 77.83097153447335 109.25372485183286 92.4245443267101 51.609884033971625 30.000328481535 42.426 59.99942459724093 57.955681041637334 51.9613816694668 42.426 0.0 15.528809645301214 60.827580126123706 76.15700070249616 99.99904099540157 97.145573671681 88.88193742262823 76.15700070249616 39.99961639816062 46.50516982013934 
30.000328481535 20.50511421572677 39.743926693269756 22.41025901233629 79.35880360111284 61.51406106736898 119.23111887842033 21.248079301433343 49.59024728714307 46.35291388898869 11.869324917618526 28.336633427420413 69.41377662971523 64.78481601424828 13.482017430637002 44.20926917514018 89.31673317469689 83.93854195183522 31.979047531157022 62.49726106798601 109.254394991689 103.41239202822841 51.6091817509249 15.53 30.000328481535 57.955681041637334 60.00065696307 57.956 51.9613816694668 15.528809645301214 0.0 46.50479215091709 60.82734586516166 97.14557256509428 100.00042786408466 97.14613503891957 88.88129977109921 46.50364700751974 39.999770911843974 
70.00009938564372 60.396307122207396 79.70140471785926 25.268832857890366 119.00215928293066 28.797810923749054 158.65280934795956 50.944794876414996 85.32297337177133 89.46893195405877 57.61989348306711 33.02772115965617 102.27333584566409 109.12925925250295 50.40030123917912 19.652534136848605 120.16598777524362 128.8949363551571 50.59903257968477 21.946402393103067 138.63496780394186 148.7224740851227 58.14090279656828 39.999770911843974 46.50516982013934 88.88193742262823 97.14613503891957 100.00042786408466 97.145573671681 60.827580126123706 46.50479215091709 0.0 36.23487717655463 121.24324700369912 135.23 140.00019877128744 135.22896708915587 69.99939228307629 36.234 
69.99932869678108 63.32429247926896 77.39409549830013 49.49955573538009 111.12878123150635 63.956594796783854 148.01812732905387 50.94416536758651 77.61867129112686 89.46808443797151 67.64013590317512 33.02686398978867 89.15871271502299 109.12852996810688 71.06710733525038 19.65220684808706 103.31535069872241 128.89414916899835 79.5352075121452 21.94628064160303 119.15806246326767 148.72176656427936 91.65783782088688 46.50364700751974 39.99961639816062 76.15700070249616 88.88129977109921 97.14557256509428 99.99904099540157 76.15700070249616 60.82734586516166 36.23487717655463 0.0 98.994 121.24324700369912 135.22896708915587 139.99865739356215 98.994 69.99939228307629 
69.99932869678108 77.39409549830013 63.32429247926896 111.12878123150635 49.49955573538009 148.01812732905387 63.956594796783854 77.61867129112686 50.94416536758651 67.64013590317512 89.46808443797151 89.15871271502299 33.02686398978867 71.06710733525038 109.12852996810688 103.31535069872241 19.65220684808706 79.5352075121452 128.89414916899835 119.15806246326767 21.94628064160303 91.65783782088688 148.72176656427936 88.88129977109921 76.15700070249616 39.99961639816062 46.50364700751974 60.82734586516166 76.15700070249616 99.99904099540157 97.14557256509428 121.24324700369912 98.994 0.0 36.23487717655463 69.99939228307629 98.994 139.99865739356215 135.22896708915587 
70.00009938564372 79.70140471785926 60.396307122207396 119.00215928293066 25.268832857890366 158.65280934795956 28.797810923749054 85.32297337177133 50.944794876414996 57.61989348306711 89.46893195405877 102.27333584566409 33.02772115965617 50.40030123917912 109.12925925250295 120.16598777524362 19.652534136848605 50.59903257968477 128.8949363551571 138.63496780394186 21.946402393103067 58.14090279656828 148.7224740851227 97.14613503891957 88.88193742262823 46.50516982013934 39.999770911843974 46.50479215091709 60.827580126123706 97.145573671681 100.00042786408466 135.23 121.24324700369912 36.23487717655463 0.0 36.234 69.99939228307629 135.22896708915587 140.00019877128744 
70.00009938564372 79.70140471785926 60.396307122207396 119.00215928293066 25.268832857890366 158.65280934795956 28.797810923749054 89.46893195405877 57.61989348306711 50.944794876414996 85.32297337177133 109.12925925250295 50.40030123917912 33.02772115965617 102.27333584566409 128.8949363551571 50.59903257968477 19.652534136848605 120.16598777524362 148.7224740851227 58.14090279656828 21.946402393103067 138.63496780394186 100.00042786408466 97.145573671681 60.827580126123706 46.50479215091709 39.999770911843974 46.50516982013934 88.88193742262823 97.14613503891957 140.00019877128744 135.22896708915587 69.99939228307629 36.234 0.0 36.23487717655463 121.24324700369912 135.23 
69.99932869678108 77.39409549830013 63.32429247926896 111.12878123150635 49.49955573538009 148.01812732905387 63.956594796783854 89.46808443797151 67.64013590317512 50.94416536758651 77.61867129112686 109.12852996810688 71.06710733525038 33.02686398978867 89.15871271502299 128.89414916899835 79.5352075121452 19.65220684808706 103.31535069872241 148.72176656427936 91.65783782088688 21.94628064160303 119.15806246326767 97.14557256509428 99.99904099540157 76.15700070249616 60.82734586516166 46.50364700751974 39.99961639816062 76.15700070249616 88.88129977109921 135.22896708915587 139.99865739356215 98.994 69.99939228307629 36.23487717655463 0.0 98.994 121.24324700369912 
69.99932869678108 63.32429247926896 77.39409549830013 49.49955573538009 111.12878123150635 63.956594796783854 148.01812732905387 67.64013590317512 89.46808443797151 77.61867129112686 50.94416536758651 71.06710733525038 109.12852996810688 89.15871271502299 33.02686398978867 79.5352075121452 128.89414916899835 103.31535069872241 19.65220684808706 91.65783782088688 148.72176656427936 119.15806246326767 21.94628064160303 60.82734586516166 76.15700070249616 99.99904099540157 97.14557256509428 88.88129977109921 76.15700070249616 39.99961639816062 46.50364700751974 69.99939228307629 98.994 139.99865739356215 135.22896708915587 121.24324700369912 98.994 0.0 36.23487717655463 
70.00009938564372 60.396307122207396 79.70140471785926 25.268832857890366 119.00215928293066 28.797810923749054 158.65280934795956 57.61989348306711 89.46893195405877 85.32297337177133 50.944794876414996 50.40030123917912 109.12925925250295 102.27333584566409 33.02772115965617 50.59903257968477 128.8949363551571 120.16598777524362 19.652534136848605 58.14090279656828 148.7224740851227 138.63496780394186 21.946402393103067 46.50479215091709 60.827580126123706 97.145573671681 100.00042786408466 97.14613503891957 88.88193742262823 46.50516982013934 39.999770911843974 36.234 69.99939228307629 135.22896708915587 140.00019877128744 135.23 121.24324700369912 36.23487717655463 0.0 

PERIOD ASSIGMENT : 
1 1 1 1 1 1 0 0 1 0 0 0 1 1 0 1 0 0 1 1 1 0 1 0 0 0 1 1 0 0 0 0 1 0 0 1 0 0 
1 1 1 1 1 1 1 0 0 0 1 1 0 0 1 0 1 1 0 0 0 1 0 0 1 0 0 0 0 0 1 0 0 0 0 0 0 1 
1 1 1 1 1 1 0 1 0 1 0 0 1 0 0 1 0 0 1 0 0 1 0 1 0 1 0 0 1 1 0 1 0 0 1 0 0 0 
1 1 1 1 1 1 1 1 1 1 1 1 0 1 1 0 1 1 0 1 1 0 0 0 0 0 0 0 0 0 0 0 0 1 0 0 1 0 
Permutation : 
28 12 35 14 30 24 0 23 6 37 26 27 17 1 8 25 21 7 5 3 9 4 36 16 2 10 20 18 31 22 34 29 32 33 11 15 19 13 
18 32 7 16 5 6 31 13 4 21 0 19 26 37 23 29 33 17 28 34 35 36 12 20 27 1 22 2 10 30 8 15 25 9 14 11 24 3 
17 36 5 23 11 6 26 10 33 30 21 14 12 25 32 4 15 3 37 2 29 20 35 22 1 28 24 8 27 9 0 7 16 19 31 18 13 34 
27 23 33 22 31 37 4 0 3 21 8 14 19 6 26 17 30 11 7 20 18 25 24 5 2 1 34 9 36 15 29 28 32 16 13 35 10 12 
Route partition : 
23 37 
15 37 
17 37 
18 37 
LOAD VIOLATION MATRIX : 
2.0 -13.0 
-8.0 -5.0 
-7.0 -5.0 
0.0 -4.0 
Is Feasible : false
Total Load Violation : 2.0
Total route time violation : 0.0
Cost : 5096.885575121388
Cost with penalty : 0.0

PERIOD ASSIGMENT : 
1 1 1 1 1 1 0 1 1 0 0 0 1 0 1 1 1 0 1 1 1 0 1 0 0 0 0 0 0 0 0 0 0 0 1 0 1 0 
1 1 1 1 1 1 1 0 0 1 1 0 1 0 0 1 0 0 1 0 0 1 0 0 1 0 0 0 1 0 1 1 1 0 0 1 0 1 
1 1 1 1 1 1 0 0 1 0 1 1 0 1 1 0 1 1 0 1 0 0 0 1 0 1 1 1 0 1 0 0 0 1 0 0 0 0 
1 1 1 1 1 1 1 1 0 1 0 1 0 1 0 0 0 1 0 0 1 1 0 0 0 0 0 0 0 0 0 0 0 0 0 0 0 0 
Permutation : 
7 10 13 34 14 28 25 24 27 31 16 4 33 2 15 37 36 6 22 23 12 9 21 29 19 5 26 20 0 18 3 17 1 11 32 35 8 30 
2 32 35 27 19 4 30 23 29 34 0 18 36 8 13 33 37 24 3 20 5 14 6 25 7 10 9 17 16 12 31 22 15 26 28 1 11 21 
15 29 18 33 1 3 8 9 31 4 37 17 34 24 5 13 20 7 6 16 35 30 36 14 27 10 22 23 12 25 32 19 21 2 0 28 26 11 
34 5 3 32 6 18 37 33 8 21 4 22 12 29 28 0 10 24 27 16 30 13 9 35 26 15 17 14 20 7 23 1 11 19 2 31 25 36 
Route partition : 
20 37 
13 37 
14 37 
17 37 
LOAD VIOLATION MATRIX : 
-7.0 -2.0 
-10.0 1.0 
-4.0 -4.0 
-6.0 -8.0 
Is Feasible : false
Total Load Violation : 1.0
Total route time violation : 0.0
Cost : 5393.878734599897
Cost with penalty : 0.0

PERIOD ASSIGMENT : 
1 1 1 1 1 1 1 1 1 0 0 0 1 0 0 1 0 0 0 0 1 0 1 0 0 0 0 0 0 1 1 0 0 0 0 0 1 1 
1 1 1 1 1 1 1 0 0 1 1 1 0 1 0 0 1 1 0 1 0 0 0 0 0 0 0 1 1 0 0 0 0 0 0 0 0 0 
1 1 1 1 1 1 0 1 1 0 0 1 0 1 1 0 1 1 1 0 1 1 0 1 0 0 1 0 0 0 0 1 0 1 1 1 0 0 
1 1 1 1 1 1 0 0 0 1 1 0 1 0 1 1 0 0 1 1 0 1 0 0 1 1 0 0 0 0 0 0 1 0 0 0 0 0 
Permutation : 
23 26 4 30 25 22 16 35 31 32 7 2 14 10 36 6 28 33 20 15 11 37 34 21 27 5 17 3 12 24 1 13 8 18 9 29 19 0 
1 30 35 31 7 27 32 21 4 29 3 0 25 11 16 28 26 13 9 8 6 18 14 2 19 12 24 20 37 36 22 10 5 23 34 15 17 33 
30 28 32 11 22 7 2 31 13 0 1 9 12 19 15 37 23 14 5 25 17 6 18 21 4 29 20 34 26 24 27 36 33 35 10 16 8 3 
7 3 4 25 20 15 14 22 18 9 23 17 28 2 19 34 26 5 36 32 33 16 11 12 29 31 8 30 21 27 13 37 0 24 35 1 10 6 
Route partition : 
23 37 
20 37 
14 37 
22 37 
LOAD VIOLATION MATRIX : 
-8.0 -5.0 
2.0 -14.0 
-8.0 4.0 
2.0 -13.0 
Is Feasible : false
Total Load Violation : 8.0
Total route time violation : 0.0
Cost : 4837.187093448739
Cost with penalty : 0.0

PERIOD ASSIGMENT : 
1 1 1 1 1 1 1 0 0 0 0 0 0 0 1 0 0 1 0 0 0 1 0 0 1 1 0 0 0 1 0 0 1 1 0 0 0 0 
1 1 1 1 1 1 0 0 1 1 1 1 1 1 0 1 1 0 1 0 1 0 1 1 0 0 0 1 0 0 0 1 0 0 1 0 0 0 
1 1 1 1 1 1 1 1 0 0 1 1 0 0 0 1 1 0 1 1 0 0 0 0 0 0 1 0 0 0 0 0 0 0 0 1 0 1 
1 1 1 1 1 1 0 1 1 1 0 0 1 1 1 0 0 1 0 1 1 1 0 0 0 0 0 0 1 0 1 0 0 0 0 0 1 0 
Permutation : 
23 17 24 22 21 2 9 18 16 6 1 12 27 4 30 8 36 0 20 3 29 31 15 11 5 26 10 33 14 35 37 25 19 13 7 28 34 32 
36 29 34 8 32 37 21 28 18 17 4 2 30 22 6 31 9 11 35 24 13 14 23 7 12 3 26 0 5 16 10 1 20 27 25 33 15 19 
2 8 18 37 12 10 4 24 5 27 21 31 1 33 28 17 0 26 19 3 7 16 29 30 14 25 13 32 35 36 9 23 15 34 20 22 11 6 
3 6 21 24 16 11 25 14 30 13 34 1 2 10 26 28 7 29 4 33 37 27 5 9 12 15 0 32 22 18 8 36 19 31 35 20 17 23 
Route partition : 
24 37 
25 37 
22 37 
15 37 
LOAD VIOLATION MATRIX : 
8.0 -25.0 
1.0 -6.0 
12.0 -23.0 
-7.0 0.0 
Is Feasible : false
Total Load Violation : 21.0
Total route time violation : 0.0
Cost : 5211.322189738632
Cost with penalty : 0.0

PERIOD ASSIGMENT : 
1 1 1 1 1 1 0 0 1 0 0 1 0 0 1 0 0 0 0 1 0 0 0 0 0 0 0 0 1 0 0 0 0 0 0 0 0 0 
1 1 1 1 1 1 0 1 1 0 1 1 1 1 0 0 1 1 1 1 0 0 0 1 0 0 0 0 0 0 0 1 0 0 0 0 0 0 
1 1 1 1 1 1 1 0 0 1 0 0 1 0 0 1 0 1 0 0 1 1 1 0 0 0 1 1 0 1 0 0 1 1 1 0 0 1 
1 1 1 1 1 1 1 1 0 1 1 0 0 1 1 1 1 0 1 0 1 1 0 0 1 1 0 0 0 0 1 0 0 0 0 1 1 0 
Permutation : 
14 15 9 20 17 28 0 22 12 25 19 31 2 23 32 18 34 33 11 27 8 26 24 35 4 5 30 7 13 1 6 37 16 36 29 21 3 10 
32 22 11 6 25 1 18 29 13 30 34 17 36 8 10 21 24 4 3 20 7 19 0 15 23 5 2 33 26 35 28 37 27 9 12 31 16 14 
12 4 11 14 28 23 22 15 27 19 3 33 37 18 24 1 34 30 32 6 16 8 29 0 26 36 21 17 35 13 9 2 31 10 25 20 7 5 
34 13 19 0 36 6 2 4 5 14 35 15 17 10 32 20 37 16 27 21 7 33 22 23 18 28 24 25 29 31 26 30 12 1 3 8 9 11 
Route partition : 
19 37 
19 37 
24 37 
17 37 
LOAD VIOLATION MATRIX : 
-13.0 -8.0 
-3.0 -5.0 
4.0 -12.0 
6.0 -9.0 
Is Feasible : false
Total Load Violation : 10.0
Total route time violation : 0.0
Cost : 5613.68929886769
Cost with penalty : 0.0

PERIOD ASSIGMENT : 
1 1 1 1 1 1 1 1 1 1 0 1 1 0 0 0 0 1 1 0 1 1 0 0 0 0 1 0 0 0 0 0 0 1 0 0 0 0 
1 1 1 1 1 1 0 0 0 1 1 0 0 1 1 1 1 0 1 1 0 0 0 0 0 0 0 0 0 0 0 1 0 0 1 0 0 0 
1 1 1 1 1 1 1 1 0 0 0 1 1 1 1 1 1 1 0 0 1 0 1 1 1 0 0 1 0 0 1 0 0 0 0 0 1 0 
1 1 1 1 1 1 0 0 1 0 1 0 0 0 0 0 0 0 0 1 0 1 0 0 0 1 0 0 1 1 0 0 1 0 0 1 0 1 
Permutation : 
19 23 21 8 30 4 2 34 6 20 25 28 5 9 26 1 32 37 15 14 12 22 16 7 11 13 36 27 35 24 31 17 29 10 18 3 33 0 
6 18 33 17 7 1 25 5 0 27 11 24 9 30 36 31 29 26 8 15 28 23 21 13 35 20 34 16 2 32 10 22 4 19 12 3 14 37 
26 35 17 27 30 21 19 3 28 34 7 25 11 33 6 2 24 5 12 14 8 36 29 13 18 9 16 4 10 20 15 0 23 31 22 1 37 32 
18 21 33 20 11 36 30 1 31 27 8 10 16 25 0 22 34 3 19 28 24 12 5 26 17 15 23 7 14 32 37 6 4 29 13 2 35 9 
Route partition : 
15 37 
17 37 
19 37 
17 37 
LOAD VIOLATION MATRIX : 
1.0 -9.0 
-10.0 -2.0 
0.0 -4.0 
-8.0 -8.0 
Is Feasible : false
Total Load Violation : 1.0
Total route time violation : 0.0
Cost : 5374.12080504144
Cost with penalty : 0.0

PERIOD ASSIGMENT : 
1 1 1 1 1 1 1 1 1 0 0 0 0 0 1 0 1 0 1 0 0 1 1 0 1 0 0 0 0 1 0 0 0 1 1 0 0 0 
1 1 1 1 1 1 0 1 0 0 0 1 1 1 0 0 1 1 0 1 1 0 0 0 0 0 1 0 1 0 1 0 0 0 0 0 0 1 
1 1 1 1 1 1 1 0 1 1 1 1 1 1 1 1 0 1 1 0 0 0 0 0 0 1 0 1 0 0 0 1 1 0 0 0 1 0 
1 1 1 1 1 1 0 0 0 1 1 0 0 0 0 1 0 0 0 1 1 1 0 1 0 0 0 0 0 0 0 0 0 0 0 1 0 0 
Permutation : 
1 26 29 20 19 31 37 6 17 16 3 13 9 11 33 10 23 8 36 2 32 4 24 28 5 14 21 35 0 12 7 30 34 18 15 25 27 22 
16 3 15 18 10 6 9 11 19 26 24 12 32 0 34 28 8 29 13 31 7 22 21 36 2 23 20 33 25 14 35 1 37 5 27 17 30 4 
13 24 23 8 5 30 16 4 17 21 11 35 25 28 32 29 14 6 18 37 9 15 3 20 27 7 12 34 31 33 2 36 22 0 1 10 26 19 
14 3 2 0 19 32 24 15 16 7 22 20 13 4 35 8 29 5 18 34 17 27 12 1 21 30 26 37 10 31 6 11 33 25 9 28 36 23 
Route partition : 
19 37 
23 37 
18 37 
16 37 
LOAD VIOLATION MATRIX : 
-7.0 -4.0 
-6.0 -4.0 
-4.0 1.0 
-3.0 -13.0 
Is Feasible : false
Total Load Violation : 1.0
Total route time violation : 0.0
Cost : 5035.8384699358285
Cost with penalty : 0.0

PERIOD ASSIGMENT : 
1 1 1 1 1 1 0 0 1 1 0 1 0 0 0 0 1 0 1 0 0 1 0 1 0 0 1 0 1 0 1 0 0 0 0 0 1 1 
1 1 1 1 1 1 0 0 1 0 1 0 1 0 0 1 0 1 0 0 1 0 1 0 0 0 0 1 0 1 0 0 1 1 0 0 0 0 
1 1 1 1 1 1 1 1 0 1 1 1 0 1 1 0 0 1 1 1 1 0 0 0 1 1 0 0 0 0 0 0 0 0 0 1 0 0 
1 1 1 1 1 1 1 1 0 0 0 0 1 1 1 1 1 0 0 1 0 1 0 0 0 0 0 0 0 0 0 1 0 0 1 0 0 0 
Permutation : 
7 37 33 21 35 5 34 23 25 27 26 24 4 17 30 11 22 3 13 36 28 1 0 31 20 9 16 10 12 15 32 2 8 19 29 18 6 14 
30 32 19 37 34 4 35 13 5 27 21 8 28 7 12 22 24 3 29 17 16 18 20 11 23 36 31 1 33 9 6 10 0 15 26 25 2 14 
6 35 15 1 21 18 34 26 9 13 20 16 4 0 3 36 19 28 32 25 27 11 7 37 17 24 14 12 10 5 33 22 23 30 2 8 31 29 
26 36 12 37 3 31 30 0 20 34 2 21 32 17 22 23 28 8 24 16 19 25 6 4 13 33 14 5 27 9 1 10 29 35 15 18 11 7 
Route partition : 
20 37 
19 37 
20 37 
16 37 
LOAD VIOLATION MATRIX : 
-5.0 -7.0 
-5.0 -8.0 
4.0 -9.0 
-9.0 -1.0 
Is Feasible : false
Total Load Violation : 4.0
Total route time violation : 0.0
Cost : 5583.263714485851
Cost with penalty : 0.0

PERIOD ASSIGMENT : 
1 1 1 1 1 1 1 0 1 1 1 0 1 1 1 0 0 1 1 0 0 0 0 0 0 1 1 0 0 0 1 0 0 1 0 0 1 0 
1 1 1 1 1 1 1 1 0 1 0 1 0 1 1 1 1 0 0 1 0 1 0 1 0 0 0 0 0 0 0 1 0 0 1 1 0 0 
1 1 1 1 1 1 0 0 1 0 0 0 1 0 0 0 0 1 1 0 1 1 0 0 1 0 0 0 1 1 0 0 0 0 0 0 0 1 
1 1 1 1 1 1 0 1 0 0 1 1 0 0 0 1 1 0 0 1 1 0 1 0 0 0 0 1 0 0 0 0 1 0 0 0 0 0 
Permutation : 
6 0 4 34 35 14 3 23 22 12 16 21 30 27 17 11 37 20 31 7 5 8 9 15 25 10 33 36 2 24 26 32 19 29 1 13 28 18 
26 12 2 37 3 5 22 28 19 7 33 15 25 35 0 31 30 6 20 13 9 21 23 1 24 32 11 27 10 29 17 34 14 18 16 4 36 8 
18 36 29 17 21 20 2 5 37 16 8 23 6 30 26 14 1 25 13 12 4 28 24 33 22 9 15 35 3 31 34 7 19 11 0 10 32 27 
23 0 21 10 5 2 37 6 19 35 11 31 12 28 24 26 3 27 29 16 34 1 14 33 36 32 9 25 22 18 15 20 30 13 8 4 17 7 
Route partition : 
19 37 
21 37 
21 37 
20 37 
LOAD VIOLATION MATRIX : 
-6.0 -1.0 
6.0 -12.0 
5.0 -19.0 
-1.0 -12.0 
Is Feasible : false
Total Load Violation : 11.0
Total route time violation : 0.0
Cost : 5332.204696399378
Cost with penalty : 0.0

PERIOD ASSIGMENT : 
1 1 1 1 1 1 0 1 0 1 1 0 0 1 1 1 1 1 0 1 0 0 0 0 0 0 0 0 0 0 0 1 0 0 0 0 0 0 
1 1 1 1 1 1 0 0 1 0 0 0 1 0 0 1 1 0 1 0 1 0 0 1 1 0 1 1 1 0 0 0 0 1 1 1 0 0 
1 1 1 1 1 1 1 1 1 0 1 1 1 0 0 0 0 1 0 0 1 1 0 0 0 1 0 0 0 1 0 0 0 0 0 0 1 0 
1 1 1 1 1 1 1 0 0 1 0 1 0 1 1 0 0 0 1 1 0 1 1 0 0 0 0 0 0 0 1 0 1 0 0 0 0 1 
Permutation : 
26 6 33 21 1 18 28 7 35 0 24 30 22 14 20 25 4 12 34 23 17 5 11 32 16 31 29 37 3 10 8 15 27 13 9 36 2 19 
4 24 16 1 14 17 12 7 15 19 9 37 27 22 32 36 2 0 13 21 26 11 23 35 6 30 33 20 8 25 18 10 28 3 5 34 29 31 
21 8 10 35 9 20 30 33 6 4 26 36 7 34 15 12 11 18 0 1 16 2 31 13 22 19 24 3 27 28 23 17 5 37 25 32 14 29 
25 2 12 5 19 26 17 13 15 3 30 0 35 10 7 34 24 28 9 4 23 33 14 22 21 1 8 29 18 27 37 32 11 6 36 31 16 20 
Route partition : 
19 37 
24 37 
14 37 
14 37 
LOAD VIOLATION MATRIX : 
-11.0 0.0 
1.0 -11.0 
-12.0 3.0 
-5.0 -5.0 
Is Feasible : false
Total Load Violation : 4.0
Total route time violation : 0.0
Cost : 5444.087421166462
Cost with penalty : 0.0

