1 ; number of test cases ; for now it is ignored
4 ; number of periods
1 ; number of depots
2 ; number of total vehicles
2  ; number of vehicle per depot
40.0 40.0  ; Maximum allowable load of each vehicle 
 ; t(total period) lines containg  v (total vehicle) values each referring maximum time limit (route duration) for that day for that vehicle (NEW)
0.0 0.0 
0.0 0.0 
0.0 0.0 
0.0 0.0 
56 ; number of clients
4 4 4 4 4 4 4 4 2 2 2 2 2 2 2 2 2 2 2 2 2 2 2 2 2 2 2 2 2 2 2 2 1 1 1 1 1 1 1 1 1 1 1 1 1 1 1 1 1 1 1 1 1 1 1 1  ; frequency
0.0 0.0 0.0 0.0 0.0 0.0 0.0 0.0 0.0 0.0 0.0 0.0 0.0 0.0 0.0 0.0 0.0 0.0 0.0 0.0 0.0 0.0 0.0 0.0 0.0 0.0 0.0 0.0 0.0 0.0 0.0 0.0 0.0 0.0 0.0 0.0 0.0 0.0 0.0 0.0 0.0 0.0 0.0 0.0 0.0 0.0 0.0 0.0 0.0 0.0 0.0 0.0 0.0 0.0 0.0 0.0  ; service time for every client 
5.0 5.0 5.0 5.0 5.0 5.0 5.0 5.0 2.0 2.0 2.0 2.0 2.0 2.0 2.0 2.0 2.0 2.0 2.0 2.0 2.0 2.0 2.0 2.0 2.0 2.0 2.0 2.0 2.0 2.0 2.0 2.0 1.0 1.0 1.0 1.0 1.0 1.0 1.0 1.0 1.0 1.0 1.0 1.0 1.0 1.0 1.0 1.0 1.0 1.0 1.0 1.0 1.0 1.0 1.0 1.0  ; demand for every client 
; COST MATRIX
0.0 10.0 10.0 50.0 50.0 90.0 90.0 130.0 130.0 20.000426020462665 20.000426020462665 20.000426020462665 20.000426020462665 39.99998601249755 39.99998601249755 39.99998601249755 39.99998601249755 60.000412031918586 60.000412031918586 60.000412031918586 60.000412031918586 79.9999720249951 79.9999720249951 79.9999720249951 79.9999720249951 100.0003980442078 100.0003980442078 100.0003980442078 100.0003980442078 119.99995803749268 119.99995803749268 119.99995803749268 119.99995803749268 30.000328481535 29.999712298620466 29.999712298620466 30.000328481535 30.000328481535 29.999712298620466 29.999712298620466 30.000328481535 70.00009938564372 69.99932869678108 69.99932869678108 70.00009938564372 70.00009938564372 69.99932869678108 69.99932869678108 70.00009938564372 110.00012910901513 110.00035930850407 110.00035930850407 110.00012910901513 110.00012910901513 110.00035930850407 110.00035930850407 110.00012910901513 
10.0 0.0 20.0 40.0 60.0 80.0 100.0 120.0 140.0 12.39342733064587 29.09359106401271 29.09359106401271 12.39342733064587 31.736081689458764 48.91644795976094 48.91644795976094 31.736081689458764 51.58303445901569 68.84249736899439 68.84249736899439 51.58303445901569 71.5147224283224 88.801100916599 88.801100916599 71.5147224283224 91.4768801883842 108.7756388581561 108.7756388581561 91.4768801883842 111.45191756537884 128.75732961272536 128.75732961272536 111.45191756537884 20.50511421572677 23.994223013050455 37.73914066324245 39.743926693269756 39.743926693269756 37.73914066324245 23.994223013050455 20.50511421572677 60.396307122207396 63.32429247926896 77.39409549830013 79.70140471785926 79.70140471785926 77.39409549830013 63.32429247926896 60.396307122207396 100.37424173561661 103.17189078426352 117.28477756298982 119.68737779732665 119.68737779732665 117.28477756298982 103.17189078426352 100.37424173561661 
10.0 20.0 0.0 60.0 40.0 100.0 80.0 140.0 120.0 29.09359106401271 12.39342733064587 12.39342733064587 29.09359106401271 48.91644795976094 31.736081689458764 31.736081689458764 48.91644795976094 68.84249736899439 51.58303445901569 51.58303445901569 68.84249736899439 88.801100916599 71.5147224283224 71.5147224283224 88.801100916599 108.7756388581561 91.4768801883842 91.4768801883842 108.7756388581561 128.75732961272536 111.45191756537884 111.45191756537884 128.75732961272536 39.743926693269756 37.73914066324245 23.994223013050455 20.50511421572677 20.50511421572677 23.994223013050455 37.73914066324245 39.743926693269756 79.70140471785926 77.39409549830013 63.32429247926896 60.396307122207396 60.396307122207396 63.32429247926896 77.39409549830013 79.70140471785926 119.68737779732665 117.28477756298982 103.17189078426352 100.37424173561661 100.37424173561661 103.17189078426352 117.28477756298982 119.68737779732665 
50.0 40.0 60.0 0.0 100.0 40.0 140.0 80.0 180.0 34.174801257651815 68.0596579553556 68.0596579553556 34.174801257651815 25.217035531560803 86.97182808818036 86.97182808818036 25.217035531560803 30.06408894345545 106.28381553181087 106.28381553181087 30.06408894345545 44.40490427869426 125.81015668061144 125.81015668061144 44.40490427869426 61.965955241567926 145.4660771760894 145.4660771760894 61.965955241567926 80.67025430107432 165.20378303477193 165.20378303477193 80.67025430107432 22.41025901233629 35.758673605154875 74.30533451913126 79.35880360111284 79.35880360111284 74.30533451913126 35.758673605154875 22.41025901233629 25.268832857890366 49.49955573538009 111.12878123150635 119.00215928293066 119.00215928293066 111.12878123150635 49.49955573538009 25.268832857890366 63.0462402051066 82.59466718862664 149.59371326362614 158.82452078945494 158.82452078945494 149.59371326362614 82.59466718862664 63.0462402051066 
50.0 60.0 40.0 100.0 0.0 140.0 40.0 180.0 80.0 68.0596579553556 34.174801257651815 34.174801257651815 68.0596579553556 86.97182808818036 25.217035531560803 25.217035531560803 86.97182808818036 106.28381553181087 30.06408894345545 30.06408894345545 106.28381553181087 125.81015668061144 44.40490427869426 44.40490427869426 125.81015668061144 145.4660771760894 61.965955241567926 61.965955241567926 145.4660771760894 165.20378303477193 80.67025430107432 80.67025430107432 165.20378303477193 79.35880360111284 74.30533451913126 35.758673605154875 22.41025901233629 22.41025901233629 35.758673605154875 74.30533451913126 79.35880360111284 119.00215928293066 111.12878123150635 49.49955573538009 25.268832857890366 25.268832857890366 49.49955573538009 111.12878123150635 119.00215928293066 158.82452078945494 149.59371326362614 82.59466718862664 63.0462402051066 63.0462402051066 82.59466718862664 149.59371326362614 158.82452078945494 
90.0 80.0 100.0 40.0 140.0 0.0 180.0 40.0 220.0 73.3637311005922 107.78588516591586 107.78588516591586 73.3637311005922 58.86101325155727 126.23541056692451 126.23541056692451 58.86101325155727 48.44470501509942 145.09724133835212 145.09724133835212 48.44470501509942 45.04703679488808 164.22775503549937 164.22775503549937 45.04703679488808 50.11526323386918 183.54459841956668 183.54459841956668 50.11526323386918 61.594236167031085 202.99293073651606 202.99293073651606 61.594236167031085 61.51406106736898 71.98362826365452 113.21803185888722 119.23111887842033 119.23111887842033 113.21803185888722 71.98362826365452 61.51406106736898 28.797810923749054 63.956594796783854 148.01812732905387 158.65280934795956 158.65280934795956 148.01812732905387 63.956594796783854 28.797810923749054 32.7821354399008 78.7357545718589 184.9346886011383 198.3062994561696 198.3062994561696 184.9346886011383 78.7357545718589 32.7821354399008 
90.0 100.0 80.0 140.0 40.0 180.0 0.0 220.0 40.0 107.78588516591586 73.3637311005922 73.3637311005922 107.78588516591586 126.23541056692451 58.86101325155727 58.86101325155727 126.23541056692451 145.09724133835212 48.44470501509942 48.44470501509942 145.09724133835212 164.22775503549937 45.04703679488808 45.04703679488808 164.22775503549937 183.54459841956668 50.11526323386918 50.11526323386918 183.54459841956668 202.99293073651606 61.594236167031085 61.594236167031085 202.99293073651606 119.23111887842033 113.21803185888722 71.98362826365452 61.51406106736898 61.51406106736898 71.98362826365452 113.21803185888722 119.23111887842033 158.65280934795956 148.01812732905387 63.956594796783854 28.797810923749054 28.797810923749054 63.956594796783854 148.01812732905387 158.65280934795956 198.3062994561696 184.9346886011383 78.7357545718589 32.7821354399008 32.7821354399008 78.7357545718589 184.9346886011383 198.3062994561696 
130.0 120.0 140.0 80.0 180.0 40.0 220.0 0.0 260.0 113.1218680936626 147.6600048794527 147.6600048794527 113.1218680936626 97.43376663662347 165.85131558417012 165.85131558417012 97.43376663662347 83.60579790899672 184.41846286096194 184.41846286096194 83.60579790899672 72.70952842647242 203.25677239393522 203.25677239393522 72.70952842647242 66.2064921967627 222.29903195695658 222.29903195695658 66.2064921967627 65.42178481973723 241.4952793099691 241.4952793099691 65.42178481973723 101.31998672029127 110.83592710849673 152.69368925400943 159.1675208985803 159.1675208985803 152.69368925400943 110.83592710849673 101.31998672029127 64.9624038502271 94.50230694538627 186.1964715508863 198.44372984299605 198.44372984299605 186.1964715508863 94.50230694538627 64.9624038502271 37.07436316378206 93.68435860910827 221.86346938601676 237.96123298554326 237.96123298554326 221.86346938601676 93.68435860910827 37.07436316378206 
130.0 140.0 120.0 180.0 80.0 220.0 40.0 260.0 0.0 147.6600048794527 113.1218680936626 113.1218680936626 147.6600048794527 165.85131558417012 97.43376663662347 97.43376663662347 165.85131558417012 184.41846286096194 83.60579790899672 83.60579790899672 184.41846286096194 203.25677239393522 72.70952842647242 72.70952842647242 203.25677239393522 222.29903195695658 66.2064921967627 66.2064921967627 222.29903195695658 241.4952793099691 65.42178481973723 65.42178481973723 241.4952793099691 159.1675208985803 152.69368925400943 110.83592710849673 101.31998672029127 101.31998672029127 110.83592710849673 152.69368925400943 159.1675208985803 198.44372984299605 186.1964715508863 94.50230694538627 64.9624038502271 64.9624038502271 94.50230694538627 186.1964715508863 198.44372984299605 237.96123298554326 221.86346938601676 93.68435860910827 37.07436316378206 37.07436316378206 93.68435860910827 221.86346938601676 237.96123298554326 
20.000426020462665 12.39342733064587 29.09359106401271 34.174801257651815 68.0596579553556 73.3637311005922 107.78588516591586 113.1218680936626 147.6600048794527 0.0 34.642 40.00085204092533 20.0 19.999559995159892 52.91549342111439 60.000412031918586 34.640762116327636 39.99998601249756 72.11195524321886 80.00083805186043 52.91501564773463 59.999546006615745 91.6519482007884 100.0003980442078 72.11064776439052 79.9999720249951 111.35617529351481 120.00082406383716 91.65148948053162 99.99953201890497 131.1491804625557 140.00038405661607 111.3548669973612 11.869324917618526 11.869247364513052 40.132287811686 46.35291388898869 49.59024728714307 49.58952031427608 31.45471400283271 21.248079301433343 50.944794876414996 50.94416536758651 77.61867129112686 85.32297337177133 89.46893195405877 89.46808443797151 67.64013590317512 57.61989348306711 90.82876009833008 90.82913654219112 116.78604425615245 124.94569712078923 129.42266891468435 129.42279603300184 106.58898650892596 96.89511680678237 
20.000426020462665 29.09359106401271 12.39342733064587 68.0596579553556 34.174801257651815 107.78588516591586 73.3637311005922 147.6600048794527 113.1218680936626 34.642 0.0 20.0 40.00085204092533 52.91549342111439 19.999559995159892 34.640762116327636 60.000412031918586 72.11195524321886 39.99998601249756 52.91501564773463 80.00083805186043 91.6519482007884 59.999546006615745 72.11064776439052 100.0003980442078 111.35617529351481 79.9999720249951 91.65148948053162 120.00082406383716 131.1491804625557 99.99953201890497 111.3548669973612 140.00038405661607 46.35291388898869 40.132287811686 11.869247364513052 11.869324917618526 21.248079301433343 31.45471400283271 49.58952031427608 49.59024728714307 85.32297337177133 77.61867129112686 50.94416536758651 50.944794876414996 57.61989348306711 67.64013590317512 89.46808443797151 89.46893195405877 124.94569712078923 116.78604425615245 90.82913654219112 90.82876009833008 96.89511680678237 106.58898650892596 129.42279603300184 129.42266891468435 
20.000426020462665 29.09359106401271 12.39342733064587 68.0596579553556 34.174801257651815 107.78588516591586 73.3637311005922 147.6600048794527 113.1218680936626 40.00085204092533 20.0 0.0 34.642 60.000412031918586 34.640762116327636 19.999559995159892 52.91549342111439 80.00083805186043 52.91501564773463 39.99998601249756 72.11195524321886 100.0003980442078 72.11064776439052 59.999546006615745 91.6519482007884 120.00082406383716 91.65148948053162 79.9999720249951 111.35617529351481 140.00038405661607 111.3548669973612 99.99953201890497 131.1491804625557 49.59024728714307 49.58952031427608 31.45471400283271 21.248079301433343 11.869324917618526 11.869247364513052 40.132287811686 46.35291388898869 89.46893195405877 89.46808443797151 67.64013590317512 57.61989348306711 50.944794876414996 50.94416536758651 77.61867129112686 85.32297337177133 129.42266891468435 129.42279603300184 106.58898650892596 96.89511680678237 90.82876009833008 90.82913654219112 116.78604425615245 124.94569712078923 
20.000426020462665 12.39342733064587 29.09359106401271 34.174801257651815 68.0596579553556 73.3637311005922 107.78588516591586 113.1218680936626 147.6600048794527 20.0 40.00085204092533 34.642 0.0 34.640762116327636 60.000412031918586 52.91549342111439 19.999559995159892 52.91501564773463 80.00083805186043 72.11195524321886 39.99998601249756 72.11064776439052 100.0003980442078 91.6519482007884 59.999546006615745 91.65148948053162 120.00082406383716 111.35617529351481 79.9999720249951 111.3548669973612 140.00038405661607 131.1491804625557 99.99953201890497 21.248079301433343 31.45471400283271 49.58952031427608 49.59024728714307 46.35291388898869 40.132287811686 11.869247364513052 11.869324917618526 57.61989348306711 67.64013590317512 89.46808443797151 89.46893195405877 85.32297337177133 77.61867129112686 50.94416536758651 50.944794876414996 96.89511680678237 106.58898650892596 129.42279603300184 129.42266891468435 124.94569712078923 116.78604425615245 90.82913654219112 90.82876009833008 
39.99998601249755 31.736081689458764 48.91644795976094 25.217035531560803 86.97182808818036 58.86101325155727 126.23541056692451 97.43376663662347 165.85131558417012 19.999559995159892 52.91549342111439 60.000412031918586 34.640762116327636 0.0 69.282 79.9999720249951 40.0 20.00042602046267 87.17843545854674 100.0003980442078 52.91518724336143 39.99998601249755 105.83000486157033 119.99995803749268 69.28202422706772 60.00041203191858 124.90039045575477 140.00038405661607 87.17826245114088 79.99997202499512 144.22198894759427 159.9999440499902 105.83003129546925 13.482017430637002 13.482676032598274 55.867170010660104 64.78481601424828 69.41377662971523 69.41311608766746 43.34538675568601 28.336633427420413 33.02772115965617 33.02686398978867 89.15871271502299 102.27333584566409 109.12925925250295 109.12852996810688 71.06710733525038 50.40030123917912 72.11016725122747 72.11036960798356 126.40288941713318 141.147363946338 148.9972427563678 148.99748472038044 106.87593463918806 86.47240149897537 
39.99998601249755 48.91644795976094 31.736081689458764 86.97182808818036 25.217035531560803 126.23541056692451 58.86101325155727 165.85131558417012 97.43376663662347 52.91549342111439 19.999559995159892 34.640762116327636 60.000412031918586 69.282 0.0 40.0 79.9999720249951 87.17843545854674 20.00042602046267 52.91518724336143 100.0003980442078 105.83000486157033 39.99998601249755 69.28202422706772 119.99995803749268 124.90039045575477 60.00041203191858 87.17826245114088 140.00038405661607 144.22198894759427 79.99997202499512 105.83003129546925 159.9999440499902 64.78481601424828 55.867170010660104 13.482676032598274 13.482017430637002 28.336633427420413 43.34538675568601 69.41311608766746 69.41377662971523 102.27333584566409 89.15871271502299 33.02686398978867 33.02772115965617 50.40030123917912 71.06710733525038 109.12852996810688 109.12925925250295 141.147363946338 126.40288941713318 72.11036960798356 72.11016725122747 86.47240149897537 106.87593463918806 148.99748472038044 148.9972427563678 
39.99998601249755 48.91644795976094 31.736081689458764 86.97182808818036 25.217035531560803 126.23541056692451 58.86101325155727 165.85131558417012 97.43376663662347 60.000412031918586 34.640762116327636 19.999559995159892 52.91549342111439 79.9999720249951 40.0 0.0 69.282 100.0003980442078 52.91518724336143 20.00042602046267 87.17843545854674 119.99995803749268 69.28202422706772 39.99998601249755 105.83000486157033 140.00038405661607 87.17826245114088 60.00041203191858 124.90039045575477 159.9999440499902 105.83003129546925 79.99997202499512 144.22198894759427 69.41377662971523 69.41311608766746 43.34538675568601 28.336633427420413 13.482017430637002 13.482676032598274 55.867170010660104 64.78481601424828 109.12925925250295 109.12852996810688 71.06710733525038 50.40030123917912 33.02772115965617 33.02686398978867 89.15871271502299 102.27333584566409 148.9972427563678 148.99748472038044 106.87593463918806 86.47240149897537 72.11016725122747 72.11036960798356 126.40288941713318 141.147363946338 
39.99998601249755 31.736081689458764 48.91644795976094 25.217035531560803 86.97182808818036 58.86101325155727 126.23541056692451 97.43376663662347 165.85131558417012 34.640762116327636 60.000412031918586 52.91549342111439 19.999559995159892 40.0 79.9999720249951 69.282 0.0 52.91518724336143 100.0003980442078 87.17843545854674 20.00042602046267 69.28202422706772 119.99995803749268 105.83000486157033 39.99998601249755 87.17826245114088 140.00038405661607 124.90039045575477 60.00041203191858 105.83003129546925 159.9999440499902 144.22198894759427 79.99997202499512 28.336633427420413 43.34538675568601 69.41311608766746 69.41377662971523 64.78481601424828 55.867170010660104 13.482676032598274 13.482017430637002 50.40030123917912 71.06710733525038 109.12852996810688 109.12925925250295 102.27333584566409 89.15871271502299 33.02686398978867 33.02772115965617 86.47240149897537 106.87593463918806 148.99748472038044 148.9972427563678 141.147363946338 126.40288941713318 72.11036960798356 72.11016725122747 
60.000412031918586 51.58303445901569 68.84249736899439 30.06408894345545 106.28381553181087 48.44470501509942 145.09724133835212 83.60579790899672 184.41846286096194 39.99998601249756 72.11195524321886 80.00083805186043 52.91501564773463 20.00042602046267 87.17843545854674 100.0003980442078 52.91518724336143 0.0 103.924 120.00082406383717 60.0 19.99955999515989 121.65569257539903 140.00038405661607 72.11090347513336 39.999986012497544 140.00092580051032 160.0008100760743 87.17797245290808 59.999546006615745 158.74549828262846 180.00037006906402 103.92278634159113 31.979047531157022 31.979874452536553 73.70069195061876 83.93854195183522 89.31673317469689 89.31602316493945 59.73501795429545 44.20926917514018 19.652534136848605 19.65220684808706 103.31535069872241 120.16598777524362 128.8949363551571 128.89414916899835 79.5352075121452 50.59903257968477 54.31155493999412 54.31198692738095 138.26288388428762 158.2213977185134 168.67249537491287 168.6726565273696 110.83154751242986 79.78812568296111 
60.000412031918586 68.84249736899439 51.58303445901569 106.28381553181087 30.06408894345545 145.09724133835212 48.44470501509942 184.41846286096194 83.60579790899672 72.11195524321886 39.99998601249756 52.91501564773463 80.00083805186043 87.17843545854674 20.00042602046267 52.91518724336143 100.0003980442078 103.924 0.0 60.0 120.00082406383717 121.65569257539903 19.99955999515989 72.11090347513336 140.00038405661607 140.00092580051032 39.999986012497544 87.17797245290808 160.0008100760743 158.74549828262846 59.999546006615745 103.92278634159113 180.00037006906402 83.93854195183522 73.70069195061876 31.979874452536553 31.979047531157022 44.20926917514018 59.73501795429545 89.31602316493945 89.31673317469689 120.16598777524362 103.31535069872241 19.65220684808706 19.652534136848605 50.59903257968477 79.5352075121452 128.89414916899835 128.8949363551571 158.2213977185134 138.26288388428762 54.31198692738095 54.31155493999412 79.78812568296111 110.83154751242986 168.6726565273696 168.67249537491287 
60.000412031918586 68.84249736899439 51.58303445901569 106.28381553181087 30.06408894345545 145.09724133835212 48.44470501509942 184.41846286096194 83.60579790899672 80.00083805186043 52.91501564773463 39.99998601249756 72.11195524321886 100.0003980442078 52.91518724336143 20.00042602046267 87.17843545854674 120.00082406383717 60.0 0.0 103.924 140.00038405661607 72.11090347513336 19.99955999515989 121.65569257539903 160.0008100760743 87.17797245290808 39.999986012497544 140.00092580051032 180.00037006906402 103.92278634159113 59.999546006615745 158.74549828262846 89.31673317469689 89.31602316493945 59.73501795429545 44.20926917514018 31.979047531157022 31.979874452536553 73.70069195061876 83.93854195183522 128.8949363551571 128.89414916899835 79.5352075121452 50.59903257968477 19.652534136848605 19.65220684808706 103.31535069872241 120.16598777524362 168.67249537491287 168.6726565273696 110.83154751242986 79.78812568296111 54.31155493999412 54.31198692738095 138.26288388428762 158.2213977185134 
60.000412031918586 51.58303445901569 68.84249736899439 30.06408894345545 106.28381553181087 48.44470501509942 145.09724133835212 83.60579790899672 184.41846286096194 52.91501564773463 80.00083805186043 72.11195524321886 39.99998601249756 52.91518724336143 100.0003980442078 87.17843545854674 20.00042602046267 60.0 120.00082406383717 103.924 0.0 72.11090347513336 140.00038405661607 121.65569257539903 19.99955999515989 87.17797245290808 160.0008100760743 140.00092580051032 39.999986012497544 103.92278634159113 180.00037006906402 158.74549828262846 59.999546006615745 44.20926917514018 59.73501795429545 89.31602316493945 89.31673317469689 83.93854195183522 73.70069195061876 31.979874452536553 31.979047531157022 50.59903257968477 79.5352075121452 128.89414916899835 128.8949363551571 120.16598777524362 103.31535069872241 19.65220684808706 19.652534136848605 79.78812568296111 110.83154751242986 168.6726565273696 168.67249537491287 158.2213977185134 138.26288388428762 54.31198692738095 54.31155493999412 
79.9999720249951 71.5147224283224 88.801100916599 44.40490427869426 125.81015668061144 45.04703679488808 164.22775503549937 72.70952842647242 203.25677239393522 59.999546006615745 91.6519482007884 100.0003980442078 72.11064776439052 39.99998601249755 105.83000486157033 119.99995803749268 69.28202422706772 19.99955999515989 121.65569257539903 140.00038405661607 72.11090347513336 0.0 138.564 159.9999440499902 80.0 20.000426020462662 156.2054199603842 180.00037006906402 91.65160686534634 39.99998601249756 174.35587751779403 199.99993006248775 105.83004715580542 51.6091817509249 51.609884033971625 92.4245443267101 103.41239202822841 109.254394991689 109.25372485183286 77.83097153447335 62.49726106798601 21.946402393103067 21.94628064160303 119.15806246326767 138.63496780394186 148.7224740851227 148.72176656427936 91.65783782088688 58.14090279656828 38.7262417489743 38.72634147450543 151.83971687276028 175.91226806564686 188.41530207496416 188.4155503667359 118.08831239373353 77.81337802717474 
79.9999720249951 88.801100916599 71.5147224283224 125.81015668061144 44.40490427869426 164.22775503549937 45.04703679488808 203.25677239393522 72.70952842647242 91.6519482007884 59.999546006615745 72.11064776439052 100.0003980442078 105.83000486157033 39.99998601249755 69.28202422706772 119.99995803749268 121.65569257539903 19.99955999515989 72.11090347513336 140.00038405661607 138.564 0.0 80.0 159.9999440499902 156.2054199603842 20.000426020462662 91.65160686534634 180.00037006906402 174.35587751779403 39.99998601249756 105.83004715580542 199.99993006248775 103.41239202822841 92.4245443267101 51.609884033971625 51.6091817509249 62.49726106798601 77.83097153447335 109.25372485183286 109.254394991689 138.63496780394186 119.15806246326767 21.94628064160303 21.946402393103067 58.14090279656828 91.65783782088688 148.72176656427936 148.7224740851227 175.91226806564686 151.83971687276028 38.72634147450543 38.7262417489743 77.81337802717474 118.08831239373353 188.4155503667359 188.41530207496416 
79.9999720249951 88.801100916599 71.5147224283224 125.81015668061144 44.40490427869426 164.22775503549937 45.04703679488808 203.25677239393522 72.70952842647242 100.0003980442078 72.11064776439052 59.999546006615745 91.6519482007884 119.99995803749268 69.28202422706772 39.99998601249755 105.83000486157033 140.00038405661607 72.11090347513336 19.99955999515989 121.65569257539903 159.9999440499902 80.0 0.0 138.564 180.00037006906402 91.65160686534634 20.000426020462662 156.2054199603842 199.99993006248775 105.83004715580542 39.99998601249756 174.35587751779403 109.254394991689 109.25372485183286 77.83097153447335 62.49726106798601 51.6091817509249 51.609884033971625 92.4245443267101 103.41239202822841 148.7224740851227 148.72176656427936 91.65783782088688 58.14090279656828 21.946402393103067 21.94628064160303 119.15806246326767 138.63496780394186 188.41530207496416 188.4155503667359 118.08831239373353 77.81337802717474 38.7262417489743 38.72634147450543 151.83971687276028 175.91226806564686 
79.9999720249951 71.5147224283224 88.801100916599 44.40490427869426 125.81015668061144 45.04703679488808 164.22775503549937 72.70952842647242 203.25677239393522 72.11064776439052 100.0003980442078 91.6519482007884 59.999546006615745 69.28202422706772 119.99995803749268 105.83000486157033 39.99998601249755 72.11090347513336 140.00038405661607 121.65569257539903 19.99955999515989 80.0 159.9999440499902 138.564 0.0 91.65160686534634 180.00037006906402 156.2054199603842 20.000426020462662 105.83004715580542 199.99993006248775 174.35587751779403 39.99998601249756 62.49726106798601 77.83097153447335 109.25372485183286 109.254394991689 103.41239202822841 92.4245443267101 51.609884033971625 51.6091817509249 58.14090279656828 91.65783782088688 148.72176656427936 148.7224740851227 138.63496780394186 119.15806246326767 21.94628064160303 21.946402393103067 77.81337802717474 118.08831239373353 188.4155503667359 188.41530207496416 175.91226806564686 151.83971687276028 38.72634147450543 38.7262417489743 
100.0003980442078 91.4768801883842 108.7756388581561 61.965955241567926 145.4660771760894 50.11526323386918 183.54459841956668 66.2064921967627 222.29903195695658 79.9999720249951 111.35617529351481 120.00082406383716 91.65148948053162 60.00041203191858 124.90039045575477 140.00038405661607 87.17826245114088 39.999986012497544 140.00092580051032 160.0008100760743 87.17797245290808 20.000426020462662 156.2054199603842 180.00037006906402 91.65160686534634 0.0 173.206 200.0007960884156 100.0 19.9995599951599 190.788250885635 220.00035608153001 111.35520823023951 71.44533469723547 71.44608784951069 111.59292641113056 123.05593356681342 129.21208451998598 129.21138194834077 96.68062613057488 81.59311153522704 37.10889156253525 37.10940911682642 136.10092949351963 157.47925962805385 168.59156922278171 168.5908153162562 106.1909047188129 70.71400026161723 29.14831214667498 29.148748943994143 166.71612924069464 194.0530647142683 208.20804961624322 208.2082317032638 128.08610215398076 80.8926702550979 
100.0003980442078 108.7756388581561 91.4768801883842 145.4660771760894 61.965955241567926 183.54459841956668 50.11526323386918 222.29903195695658 66.2064921967627 111.35617529351481 79.9999720249951 91.65148948053162 120.00082406383716 124.90039045575477 60.00041203191858 87.17826245114088 140.00038405661607 140.00092580051032 39.999986012497544 87.17797245290808 160.0008100760743 156.2054199603842 20.000426020462662 91.65160686534634 180.00037006906402 173.206 0.0 100.0 200.0007960884156 190.788250885635 19.9995599951599 111.35520823023951 220.00035608153001 123.05593356681342 111.59292641113056 71.44608784951069 71.44533469723547 81.59311153522704 96.68062613057488 129.21138194834077 129.21208451998598 157.47925962805385 136.10092949351963 37.10940911682642 37.10889156253525 70.71400026161723 106.1909047188129 168.5908153162562 168.59156922278171 194.0530647142683 166.71612924069464 29.148748943994143 29.14831214667498 80.8926702550979 128.08610215398076 208.2082317032638 208.20804961624322 
100.0003980442078 108.7756388581561 91.4768801883842 145.4660771760894 61.965955241567926 183.54459841956668 50.11526323386918 222.29903195695658 66.2064921967627 120.00082406383716 91.65148948053162 79.9999720249951 111.35617529351481 140.00038405661607 87.17826245114088 60.00041203191858 124.90039045575477 160.0008100760743 87.17797245290808 39.999986012497544 140.00092580051032 180.00037006906402 91.65160686534634 20.000426020462662 156.2054199603842 200.0007960884156 100.0 0.0 173.206 220.00035608153001 111.35520823023951 19.9995599951599 190.788250885635 129.21208451998598 129.21138194834077 96.68062613057488 81.59311153522704 71.44533469723547 71.44608784951069 111.59292641113056 123.05593356681342 168.59156922278171 168.5908153162562 106.1909047188129 70.71400026161723 37.10889156253525 37.10940911682642 136.10092949351963 157.47925962805385 208.20804961624322 208.2082317032638 128.08610215398076 80.8926702550979 29.14831214667498 29.148748943994143 166.71612924069464 194.0530647142683 
100.0003980442078 91.4768801883842 108.7756388581561 61.965955241567926 145.4660771760894 50.11526323386918 183.54459841956668 66.2064921967627 222.29903195695658 91.65148948053162 120.00082406383716 111.35617529351481 79.9999720249951 87.17826245114088 140.00038405661607 124.90039045575477 60.00041203191858 87.17797245290808 160.0008100760743 140.00092580051032 39.999986012497544 91.65160686534634 180.00037006906402 156.2054199603842 20.000426020462662 100.0 200.0007960884156 173.206 0.0 111.35520823023951 220.00035608153001 190.788250885635 19.9995599951599 81.59311153522704 96.68062613057488 129.21138194834077 129.21208451998598 123.05593356681342 111.59292641113056 71.44608784951069 71.44533469723547 70.71400026161723 106.1909047188129 168.5908153162562 168.59156922278171 157.47925962805385 136.10092949351963 37.10940911682642 37.10889156253525 80.8926702550979 128.08610215398076 208.2082317032638 208.20804961624322 194.0530647142683 166.71612924069464 29.148748943994143 29.14831214667498 
119.99995803749268 111.45191756537884 128.75732961272536 80.67025430107432 165.20378303477193 61.594236167031085 202.99293073651606 65.42178481973723 241.4952793099691 99.99953201890497 131.1491804625557 140.00038405661607 111.3548669973612 79.99997202499512 144.22198894759427 159.9999440499902 105.83003129546925 59.999546006615745 158.74549828262846 180.00037006906402 103.92278634159113 39.99998601249756 174.35587751779403 199.99993006248775 105.83004715580542 19.9995599951599 190.788250885635 220.00035608153001 111.35520823023951 0.0 207.846 239.99991607498535 120.0 91.35233029321145 91.3530266001078 131.00935029607618 142.79765763485057 149.1803305600306 149.1796563375851 115.91589825817682 101.03884525270466 55.42974429852622 55.43015862326212 153.77909288651693 176.57709685290448 188.4875357497148 188.4868414744117 122.27748151233735 86.14253625822728 31.615900129523435 31.61568289630955 182.57301703428138 212.5268724773411 228.03611890444023 228.0363711099613 140.23990660650054 88.50065051173353 
119.99995803749268 128.75732961272536 111.45191756537884 165.20378303477193 80.67025430107432 202.99293073651606 61.594236167031085 241.4952793099691 65.42178481973723 131.1491804625557 99.99953201890497 111.3548669973612 140.00038405661607 144.22198894759427 79.99997202499512 105.83003129546925 159.9999440499902 158.74549828262846 59.999546006615745 103.92278634159113 180.00037006906402 174.35587751779403 39.99998601249756 105.83004715580542 199.99993006248775 190.788250885635 19.9995599951599 111.35520823023951 220.00035608153001 207.846 0.0 120.0 239.99991607498535 142.79765763485057 131.00935029607618 91.3530266001078 91.35233029321145 101.03884525270466 115.91589825817682 149.1796563375851 149.1803305600306 176.57709685290448 153.77909288651693 55.43015862326212 55.42974429852622 86.14253625822728 122.27748151233735 188.4868414744117 188.4875357497148 212.5268724773411 182.57301703428138 31.61568289630955 31.615900129523435 88.50065051173353 140.23990660650054 228.0363711099613 228.03611890444023 
119.99995803749268 128.75732961272536 111.45191756537884 165.20378303477193 80.67025430107432 202.99293073651606 61.594236167031085 241.4952793099691 65.42178481973723 140.00038405661607 111.3548669973612 99.99953201890497 131.1491804625557 159.9999440499902 105.83003129546925 79.99997202499512 144.22198894759427 180.00037006906402 103.92278634159113 59.999546006615745 158.74549828262846 199.99993006248775 105.83004715580542 39.99998601249756 174.35587751779403 220.00035608153001 111.35520823023951 19.9995599951599 190.788250885635 239.99991607498535 120.0 0.0 207.846 149.1803305600306 149.1796563375851 115.91589825817682 101.03884525270466 91.35233029321145 91.3530266001078 131.00935029607618 142.79765763485057 188.4875357497148 188.4868414744117 122.27748151233735 86.14253625822728 55.42974429852622 55.43015862326212 153.77909288651693 176.57709685290448 228.03611890444023 228.0363711099613 140.23990660650054 88.50065051173353 31.615900129523435 31.61568289630955 182.57301703428138 212.5268724773411 
119.99995803749268 111.45191756537884 128.75732961272536 80.67025430107432 165.20378303477193 61.594236167031085 202.99293073651606 65.42178481973723 241.4952793099691 111.3548669973612 140.00038405661607 131.1491804625557 99.99953201890497 105.83003129546925 159.9999440499902 144.22198894759427 79.99997202499512 103.92278634159113 180.00037006906402 158.74549828262846 59.999546006615745 105.83004715580542 199.99993006248775 174.35587751779403 39.99998601249756 111.35520823023951 220.00035608153001 190.788250885635 19.9995599951599 120.0 239.99991607498535 207.846 0.0 101.03884525270466 115.91589825817682 149.1796563375851 149.1803305600306 142.79765763485057 131.00935029607618 91.3530266001078 91.35233029321145 86.14253625822728 122.27748151233735 188.4868414744117 188.4875357497148 176.57709685290448 153.77909288651693 55.43015862326212 55.42974429852622 88.50065051173353 140.23990660650054 228.0363711099613 228.03611890444023 212.5268724773411 182.57301703428138 31.61568289630955 31.615900129523435 
30.000328481535 20.50511421572677 39.743926693269756 22.41025901233629 79.35880360111284 61.51406106736898 119.23111887842033 101.31998672029127 159.1675208985803 11.869324917618526 46.35291388898869 49.59024728714307 21.248079301433343 13.482017430637002 64.78481601424828 69.41377662971523 28.336633427420413 31.979047531157022 83.93854195183522 89.31673317469689 44.20926917514018 51.6091817509249 103.41239202822841 109.254394991689 62.49726106798601 71.44533469723547 123.05593356681342 129.21208451998598 81.59311153522704 91.35233029321145 142.79765763485057 149.1803305600306 101.03884525270466 0.0 15.528809645301214 51.9613816694668 57.956 60.00065696307 57.955681041637334 30.000328481535 15.53 39.999770911843974 46.50364700751974 88.88129977109921 97.14613503891957 100.00042786408466 97.14557256509428 60.82734586516166 46.50479215091709 79.99980063100158 85.34758757574815 127.67175838453858 136.80588410225636 140.0004575885379 136.80638438684065 98.48918532001369 85.34779611097173 
29.999712298620466 23.994223013050455 37.73914066324245 35.758673605154875 74.30533451913126 71.98362826365452 113.21803185888722 110.83592710849673 152.69368925400943 11.869247364513052 40.132287811686 49.58952031427608 31.45471400283271 13.482676032598274 55.867170010660104 69.41311608766746 43.34538675568601 31.979874452536553 73.70069195061876 89.31602316493945 59.73501795429545 51.609884033971625 92.4245443267101 109.25372485183286 77.83097153447335 71.44608784951069 111.59292641113056 129.21138194834077 96.68062613057488 91.3530266001078 131.00935029607618 149.1796563375851 115.91589825817682 15.528809645301214 0.0 42.426 51.9613816694668 57.955681041637334 59.99942459724093 42.426 30.000328481535 46.50516982013934 39.99961639816062 76.15700070249616 88.88193742262823 97.145573671681 99.99904099540157 76.15700070249616 60.827580126123706 85.34808474711075 80.00064700988361 114.01781345912578 127.67141525807568 136.80543378828196 140.00007160712457 114.01781345912578 98.4887405239807 
29.999712298620466 37.73914066324245 23.994223013050455 74.30533451913126 35.758673605154875 113.21803185888722 71.98362826365452 152.69368925400943 110.83592710849673 40.132287811686 11.869247364513052 31.45471400283271 49.58952031427608 55.867170010660104 13.482676032598274 43.34538675568601 69.41311608766746 73.70069195061876 31.979874452536553 59.73501795429545 89.31602316493945 92.4245443267101 51.609884033971625 77.83097153447335 109.25372485183286 111.59292641113056 71.44608784951069 96.68062613057488 129.21138194834077 131.00935029607618 91.3530266001078 115.91589825817682 149.1796563375851 51.9613816694668 42.426 0.0 15.528809645301214 30.000328481535 42.426 59.99942459724093 57.955681041637334 88.88193742262823 76.15700070249616 39.99961639816062 46.50516982013934 60.827580126123706 76.15700070249616 99.99904099540157 97.145573671681 127.67141525807568 114.01781345912578 80.00064700988361 85.34808474711075 98.4887405239807 114.01781345912578 140.00007160712457 136.80543378828196 
30.000328481535 39.743926693269756 20.50511421572677 79.35880360111284 22.41025901233629 119.23111887842033 61.51406106736898 159.1675208985803 101.31998672029127 46.35291388898869 11.869324917618526 21.248079301433343 49.59024728714307 64.78481601424828 13.482017430637002 28.336633427420413 69.41377662971523 83.93854195183522 31.979047531157022 44.20926917514018 89.31673317469689 103.41239202822841 51.6091817509249 62.49726106798601 109.254394991689 123.05593356681342 71.44533469723547 81.59311153522704 129.21208451998598 142.79765763485057 91.35233029321145 101.03884525270466 149.1803305600306 57.956 51.9613816694668 15.528809645301214 0.0 15.53 30.000328481535 57.955681041637334 60.00065696307 97.14613503891957 88.88129977109921 46.50364700751974 39.999770911843974 46.50479215091709 60.82734586516166 97.14557256509428 100.00042786408466 136.80588410225636 127.67175838453858 85.34758757574815 79.99980063100158 85.34779611097173 98.48918532001369 136.80638438684065 140.0004575885379 
30.000328481535 39.743926693269756 20.50511421572677 79.35880360111284 22.41025901233629 119.23111887842033 61.51406106736898 159.1675208985803 101.31998672029127 49.59024728714307 21.248079301433343 11.869324917618526 46.35291388898869 69.41377662971523 28.336633427420413 13.482017430637002 64.78481601424828 89.31673317469689 44.20926917514018 31.979047531157022 83.93854195183522 109.254394991689 62.49726106798601 51.6091817509249 103.41239202822841 129.21208451998598 81.59311153522704 71.44533469723547 123.05593356681342 149.1803305600306 101.03884525270466 91.35233029321145 142.79765763485057 60.00065696307 57.955681041637334 30.000328481535 15.53 0.0 15.528809645301214 51.9613816694668 57.956 100.00042786408466 97.14557256509428 60.82734586516166 46.50479215091709 39.999770911843974 46.50364700751974 88.88129977109921 97.14613503891957 140.0004575885379 136.80638438684065 98.48918532001369 85.34779611097173 79.99980063100158 85.34758757574815 127.67175838453858 136.80588410225636 
29.999712298620466 37.73914066324245 23.994223013050455 74.30533451913126 35.758673605154875 113.21803185888722 71.98362826365452 152.69368925400943 110.83592710849673 49.58952031427608 31.45471400283271 11.869247364513052 40.132287811686 69.41311608766746 43.34538675568601 13.482676032598274 55.867170010660104 89.31602316493945 59.73501795429545 31.979874452536553 73.70069195061876 109.25372485183286 77.83097153447335 51.609884033971625 92.4245443267101 129.21138194834077 96.68062613057488 71.44608784951069 111.59292641113056 149.1796563375851 115.91589825817682 91.3530266001078 131.00935029607618 57.955681041637334 59.99942459724093 42.426 30.000328481535 15.528809645301214 0.0 42.426 51.9613816694668 97.145573671681 99.99904099540157 76.15700070249616 60.827580126123706 46.50516982013934 39.99961639816062 76.15700070249616 88.88193742262823 136.80543378828196 140.00007160712457 114.01781345912578 98.4887405239807 85.34808474711075 80.00064700988361 114.01781345912578 127.67141525807568 
