1 ; number of test cases ; for now it is ignored
4 ; number of periods
1 ; number of depots
4 ; number of total vehicles
4  ; number of vehicle per depot
20.0 20.0 20.0 20.0  ; Maximum allowable load of each vehicle 
 ; t(total period) lines containg  v (total vehicle) values each referring maximum time limit (route duration) for that day for that vehicle (NEW)
0.0 0.0 0.0 0.0 
0.0 0.0 0.0 0.0 
0.0 0.0 0.0 0.0 
0.0 0.0 0.0 0.0 
40 ; number of clients
4 4 4 4 4 4 4 4 2 2 2 2 2 2 2 2 2 2 2 2 2 2 2 2 1 1 1 1 1 1 1 1 1 1 1 1 1 1 1 1  ; frequency
0.0 0.0 0.0 0.0 0.0 0.0 0.0 0.0 0.0 0.0 0.0 0.0 0.0 0.0 0.0 0.0 0.0 0.0 0.0 0.0 0.0 0.0 0.0 0.0 0.0 0.0 0.0 0.0 0.0 0.0 0.0 0.0 0.0 0.0 0.0 0.0 0.0 0.0 0.0 0.0  ; service time for every client 
5.0 5.0 5.0 5.0 5.0 5.0 5.0 5.0 2.0 2.0 2.0 2.0 2.0 2.0 2.0 2.0 2.0 2.0 2.0 2.0 2.0 2.0 2.0 2.0 1.0 1.0 1.0 1.0 1.0 1.0 1.0 1.0 1.0 1.0 1.0 1.0 1.0 1.0 1.0 1.0  ; demand for every client 
; COST MATRIX
0.0 10.0 10.0 10.0 10.0 50.0 50.0 50.0 50.0 20.000368421606638 20.000368421606638 20.000368421606638 20.000368421606638 20.000368421606638 20.000368421606638 20.000368421606638 20.000368421606638 40.000029724988956 40.000029724988956 40.000029724988956 40.000029724988956 40.000029724988956 40.000029724988956 40.000029724988956 40.000029724988956 29.99968508168044 29.999833616205276 29.999833616205276 29.99968508168044 29.99968508168044 29.999833616205276 29.999833616205276 29.99968508168044 29.99968508168044 29.999833616205276 29.999833616205276 29.99968508168044 29.99968508168044 29.999833616205276 29.999833616205276 29.99968508168044 
10.0 0.0 14.142135623730951 20.0 14.142135623730951 40.0 50.99019513592785 60.0 50.99019513592785 10.65995952149913 19.912175596855306 24.566943989841306 29.77238211833242 29.77238211833242 24.566943989841306 19.912175596855306 10.65995952149913 30.450983202517452 38.63861252684936 43.669925326247125 49.72667672386724 49.72667672386724 43.669925326247125 38.63861252684936 30.450983202517452 20.127620450515256 21.110898062375274 27.755540293786392 30.35887193227047 32.83749541301833 35.06579554209487 39.42473864212672 39.93546174767483 39.93546174767483 39.42473864212672 35.06579554209487 32.83749541301833 30.35887193227047 27.755540293786392 21.110898062375274 20.127620450515256 
10.0 14.142135623730951 0.0 14.142135623730951 20.0 50.99019513592785 40.0 50.99019513592785 60.0 19.912175596855306 10.65995952149913 10.65995952149913 19.912175596855306 24.566943989841306 29.77238211833242 29.77238211833242 24.566943989841306 38.63861252684936 30.450983202517452 30.450983202517452 38.63861252684936 43.669925326247125 49.72667672386724 49.72667672386724 43.669925326247125 30.35887193227047 27.755540293786392 21.110898062375274 20.127620450515256 20.127620450515256 21.110898062375274 27.755540293786392 30.35887193227047 32.83749541301833 35.06579554209487 39.42473864212672 39.93546174767483 39.93546174767483 39.42473864212672 35.06579554209487 32.83749541301833 
10.0 20.0 14.142135623730951 0.0 14.142135623730951 60.0 50.99019513592785 40.0 50.99019513592785 29.77238211833242 24.566943989841306 19.912175596855306 10.65995952149913 10.65995952149913 19.912175596855306 24.566943989841306 29.77238211833242 49.72667672386724 43.669925326247125 38.63861252684936 30.450983202517452 30.450983202517452 38.63861252684936 43.669925326247125 49.72667672386724 39.93546174767483 39.42473864212672 35.06579554209487 32.83749541301833 30.35887193227047 27.755540293786392 21.110898062375274 20.127620450515256 20.127620450515256 21.110898062375274 27.755540293786392 30.35887193227047 32.83749541301833 35.06579554209487 39.42473864212672 39.93546174767483 
10.0 14.142135623730951 20.0 14.142135623730951 0.0 50.99019513592785 60.0 50.99019513592785 40.0 24.566943989841306 29.77238211833242 29.77238211833242 24.566943989841306 19.912175596855306 10.65995952149913 10.65995952149913 19.912175596855306 43.669925326247125 49.72667672386724 49.72667672386724 43.669925326247125 38.63861252684936 30.450983202517452 30.450983202517452 38.63861252684936 32.83749541301833 35.06579554209487 39.42473864212672 39.93546174767483 39.93546174767483 39.42473864212672 35.06579554209487 32.83749541301833 30.35887193227047 27.755540293786392 21.110898062375274 20.127620450515256 20.127620450515256 21.110898062375274 27.755540293786392 30.35887193227047 
50.0 40.0 50.99019513592785 60.0 50.99019513592785 0.0 70.71067811865476 100.0 70.71067811865476 31.114542210998383 48.8099860376952 58.46036894341328 69.51197549343567 69.51197549343567 58.46036894341328 48.8099860376952 31.114542210998383 15.372129910978504 55.35975413601473 71.6610241205078 89.23957854001777 89.23957854001777 71.6610241205078 55.35975413601473 15.372129910978504 20.63204073764881 25.06770865077221 47.45408324896815 54.84871106051627 61.57581591014446 67.4395285941413 78.55946802900336 79.83909509131475 79.83909509131475 78.55946802900336 67.4395285941413 61.57581591014446 54.84871106051627 47.45408324896815 25.06770865077221 20.63204073764881 
50.0 50.99019513592785 40.0 50.99019513592785 60.0 70.71067811865476 0.0 70.71067811865476 100.0 48.8099860376952 31.114542210998383 31.114542210998383 48.8099860376952 58.46036894341328 69.51197549343567 69.51197549343567 58.46036894341328 55.35975413601473 15.372129910978504 15.372129910978504 55.35975413601473 71.6610241205078 89.23957854001777 89.23957854001777 71.6610241205078 54.84871106051627 47.45408324896815 25.06770865077221 20.63204073764881 20.63204073764881 25.06770865077221 47.45408324896815 54.84871106051627 61.57581591014446 67.4395285941413 78.55946802900336 79.83909509131475 79.83909509131475 78.55946802900336 67.4395285941413 61.57581591014446 
50.0 60.0 50.99019513592785 40.0 50.99019513592785 100.0 70.71067811865476 0.0 70.71067811865476 69.51197549343567 58.46036894341328 48.8099860376952 31.114542210998383 31.114542210998383 48.8099860376952 58.46036894341328 69.51197549343567 89.23957854001777 71.6610241205078 55.35975413601473 15.372129910978504 15.372129910978504 55.35975413601473 71.6610241205078 89.23957854001777 79.83909509131475 78.55946802900336 67.4395285941413 61.57581591014446 54.84871106051627 47.45408324896815 25.06770865077221 20.63204073764881 20.63204073764881 25.06770865077221 47.45408324896815 54.84871106051627 61.57581591014446 67.4395285941413 78.55946802900336 79.83909509131475 
50.0 50.99019513592785 60.0 50.99019513592785 40.0 70.71067811865476 100.0 70.71067811865476 0.0 58.46036894341328 69.51197549343567 69.51197549343567 58.46036894341328 48.8099860376952 31.114542210998383 31.114542210998383 48.8099860376952 71.6610241205078 89.23957854001777 89.23957854001777 71.6610241205078 55.35975413601473 15.372129910978504 15.372129910978504 55.35975413601473 61.57581591014446 67.4395285941413 78.55946802900336 79.83909509131475 79.83909509131475 78.55946802900336 67.4395285941413 61.57581591014446 54.84871106051627 47.45408324896815 25.06770865077221 20.63204073764881 20.63204073764881 25.06770865077221 47.45408324896815 54.84871106051627 
20.000368421606638 10.65995952149913 19.912175596855306 29.77238211833242 24.566943989841306 31.114542210998383 48.8099860376952 69.51197549343567 58.46036894341328 0.0 20.001222412642683 28.284792274294677 38.638 40.000736843213275 34.64116121032896 28.284792274294677 10.352 19.999661322132432 34.641415632159145 44.72209862025707 58.186761939465235 60.0003981403457 52.91508814128537 44.72100317524195 24.78578150876022 10.499875046875557 10.50060160181311 23.86390253081 28.996377325452226 33.81423833239483 38.16662940318414 47.455708297316555 49.07817686100412 49.89733768448974 49.897363397277815 45.061332248392304 41.94283950807336 38.16528488037263 33.81298431076441 18.653826899593554 13.832000578368987 
20.000368421606638 19.912175596855306 10.65995952149913 24.566943989841306 29.77238211833242 48.8099860376952 31.114542210998383 58.46036894341328 69.51197549343567 20.001222412642683 0.0 10.352 28.284792274294677 34.64116121032896 40.000736843213275 38.638 28.284792274294677 34.641415632159145 19.999661322132432 24.78578150876022 44.72100317524195 52.91508814128537 60.0003981403457 58.186761939465235 44.72209862025707 28.996377325452226 23.86390253081 10.50060160181311 10.499875046875557 13.832000578368987 18.653826899593554 33.81298431076441 38.16528488037263 41.94283950807336 45.061332248392304 49.897363397277815 49.89733768448974 49.07817686100412 47.455708297316555 38.16662940318414 33.81423833239483 
20.000368421606638 24.566943989841306 10.65995952149913 19.912175596855306 29.77238211833242 58.46036894341328 31.114542210998383 48.8099860376952 69.51197549343567 28.284792274294677 10.352 0.0 20.001222412642683 28.284792274294677 38.638 40.000736843213275 34.64116121032896 44.72100317524195 24.78578150876022 19.999661322132432 34.641415632159145 44.72209862025707 58.186761939465235 60.0003981403457 52.91508814128537 38.16528488037263 33.81298431076441 18.653826899593554 13.832000578368987 10.499875046875557 10.50060160181311 23.86390253081 28.996377325452226 33.81423833239483 38.16662940318414 47.455708297316555 49.07817686100412 49.89733768448974 49.897363397277815 45.061332248392304 41.94283950807336 
20.000368421606638 29.77238211833242 19.912175596855306 10.65995952149913 24.566943989841306 69.51197549343567 48.8099860376952 31.114542210998383 58.46036894341328 38.638 28.284792274294677 20.001222412642683 0.0 10.352 28.284792274294677 34.64116121032896 40.000736843213275 58.186761939465235 44.72209862025707 34.641415632159145 19.999661322132432 24.78578150876022 44.72100317524195 52.91508814128537 60.0003981403457 49.07817686100412 47.455708297316555 38.16662940318414 33.81423833239483 28.996377325452226 23.86390253081 10.50060160181311 10.499875046875557 13.832000578368987 18.653826899593554 33.81298431076441 38.16528488037263 41.94283950807336 45.061332248392304 49.897363397277815 49.89733768448974 
20.000368421606638 29.77238211833242 24.566943989841306 10.65995952149913 19.912175596855306 69.51197549343567 58.46036894341328 31.114542210998383 48.8099860376952 40.000736843213275 34.64116121032896 28.284792274294677 10.352 0.0 20.001222412642683 28.284792274294677 38.638 60.0003981403457 52.91508814128537 44.72100317524195 24.78578150876022 19.999661322132432 34.641415632159145 44.72209862025707 58.186761939465235 49.89733768448974 49.897363397277815 45.061332248392304 41.94283950807336 38.16528488037263 33.81298431076441 18.653826899593554 13.832000578368987 10.499875046875557 10.50060160181311 23.86390253081 28.996377325452226 33.81423833239483 38.16662940318414 47.455708297316555 49.07817686100412 
20.000368421606638 24.566943989841306 29.77238211833242 19.912175596855306 10.65995952149913 58.46036894341328 69.51197549343567 48.8099860376952 31.114542210998383 34.64116121032896 40.000736843213275 38.638 28.284792274294677 20.001222412642683 0.0 10.352 28.284792274294677 52.91508814128537 60.0003981403457 58.186761939465235 44.72209862025707 34.641415632159145 19.999661322132432 24.78578150876022 44.72100317524195 41.94283950807336 45.061332248392304 49.897363397277815 49.89733768448974 49.07817686100412 47.455708297316555 38.16662940318414 33.81423833239483 28.996377325452226 23.86390253081 10.50060160181311 10.499875046875557 13.832000578368987 18.653826899593554 33.81298431076441 38.16528488037263 
20.000368421606638 19.912175596855306 29.77238211833242 24.566943989841306 10.65995952149913 48.8099860376952 69.51197549343567 58.46036894341328 31.114542210998383 28.284792274294677 38.638 40.000736843213275 34.64116121032896 28.284792274294677 10.352 0.0 20.001222412642683 44.72209862025707 58.186761939465235 60.0003981403457 52.91508814128537 44.72100317524195 24.78578150876022 19.999661322132432 34.641415632159145 33.81423833239483 38.16662940318414 47.455708297316555 49.07817686100412 49.89733768448974 49.897363397277815 45.061332248392304 41.94283950807336 38.16528488037263 33.81298431076441 18.653826899593554 13.832000578368987 10.499875046875557 10.50060160181311 23.86390253081 28.996377325452226 
20.000368421606638 10.65995952149913 24.566943989841306 29.77238211833242 19.912175596855306 31.114542210998383 58.46036894341328 69.51197549343567 48.8099860376952 10.352 28.284792274294677 34.64116121032896 40.000736843213275 38.638 28.284792274294677 20.001222412642683 0.0 24.78578150876022 44.72100317524195 52.91508814128537 60.0003981403457 58.186761939465235 44.72209862025707 34.641415632159145 19.999661322132432 13.832000578368987 18.653826899593554 33.81298431076441 38.16528488037263 41.94283950807336 45.061332248392304 49.897363397277815 49.89733768448974 49.07817686100412 47.455708297316555 38.16662940318414 33.81423833239483 28.996377325452226 23.86390253081 10.50060160181311 10.499875046875557 
40.000029724988956 30.450983202517452 38.63861252684936 49.72667672386724 43.669925326247125 15.372129910978504 55.35975413601473 89.23957854001777 71.6610241205078 19.999661322132432 34.641415632159145 44.72100317524195 58.186761939465235 60.0003981403457 52.91508814128537 44.72209862025707 24.78578150876022 0.0 39.99961639816062 56.56858453240633 77.274 80.00005944997791 69.28232242065793 56.56858453240633 20.706 10.978989252203503 10.979099462159908 32.23231460816923 39.768328365673106 46.76248399090878 53.04043450990952 66.36258729886893 68.68230753986066 69.85290803538533 69.85301829556116 62.93697391041295 58.46748690511676 53.03995717381378 46.762133152797894 24.412943226903224 16.813910818129138 
40.000029724988956 38.63861252684936 30.450983202517452 43.669925326247125 49.72667672386724 55.35975413601473 15.372129910978504 71.6610241205078 89.23957854001777 34.641415632159145 19.999661322132432 24.78578150876022 44.72209862025707 52.91508814128537 60.0003981403457 58.186761939465235 44.72100317524195 39.99961639816062 0.0 20.706 56.56858453240633 69.28232242065793 80.00005944997791 77.274 56.56858453240633 39.768328365673106 32.23231460816923 10.979099462159908 10.978989252203503 16.813910818129138 24.412943226903224 46.762133152797894 53.03995717381378 58.46748690511676 62.93697391041295 69.85301829556116 69.85290803538533 68.68230753986066 66.36258729886893 53.04043450990952 46.76248399090878 
40.000029724988956 43.669925326247125 30.450983202517452 38.63861252684936 49.72667672386724 71.6610241205078 15.372129910978504 55.35975413601473 89.23957854001777 44.72209862025707 24.78578150876022 19.999661322132432 34.641415632159145 44.72100317524195 58.186761939465235 60.0003981403457 52.91508814128537 56.56858453240633 20.706 0.0 39.99961639816062 56.56858453240633 77.274 80.00005944997791 69.28232242065793 53.03995717381378 46.762133152797894 24.412943226903224 16.813910818129138 10.978989252203503 10.979099462159908 32.23231460816923 39.768328365673106 46.76248399090878 53.04043450990952 66.36258729886893 68.68230753986066 69.85290803538533 69.85301829556116 62.93697391041295 58.46748690511676 
40.000029724988956 49.72667672386724 38.63861252684936 30.450983202517452 43.669925326247125 89.23957854001777 55.35975413601473 15.372129910978504 71.6610241205078 58.186761939465235 44.72100317524195 34.641415632159145 19.999661322132432 24.78578150876022 44.72209862025707 52.91508814128537 60.0003981403457 77.274 56.56858453240633 39.99961639816062 0.0 20.706 56.56858453240633 69.28232242065793 80.00005944997791 68.68230753986066 66.36258729886893 53.04043450990952 46.76248399090878 39.768328365673106 32.23231460816923 10.979099462159908 10.978989252203503 16.813910818129138 24.412943226903224 46.762133152797894 53.03995717381378 58.46748690511676 62.93697391041295 69.85301829556116 69.85290803538533 
40.000029724988956 49.72667672386724 43.669925326247125 30.450983202517452 38.63861252684936 89.23957854001777 71.6610241205078 15.372129910978504 55.35975413601473 60.0003981403457 52.91508814128537 44.72209862025707 24.78578150876022 19.999661322132432 34.641415632159145 44.72100317524195 58.186761939465235 80.00005944997791 69.28232242065793 56.56858453240633 20.706 0.0 39.99961639816062 56.56858453240633 77.274 69.85290803538533 69.85301829556116 62.93697391041295 58.46748690511676 53.03995717381378 46.762133152797894 24.412943226903224 16.813910818129138 10.978989252203503 10.979099462159908 32.23231460816923 39.768328365673106 46.76248399090878 53.04043450990952 66.36258729886893 68.68230753986066 
40.000029724988956 43.669925326247125 49.72667672386724 38.63861252684936 30.450983202517452 71.6610241205078 89.23957854001777 55.35975413601473 15.372129910978504 52.91508814128537 60.0003981403457 58.186761939465235 44.72100317524195 34.641415632159145 19.999661322132432 24.78578150876022 44.72209862025707 69.28232242065793 80.00005944997791 77.274 56.56858453240633 39.99961639816062 0.0 20.706 56.56858453240633 58.46748690511676 62.93697391041295 69.85301829556116 69.85290803538533 68.68230753986066 66.36258729886893 53.04043450990952 46.76248399090878 39.768328365673106 32.23231460816923 10.979099462159908 10.978989252203503 16.813910818129138 24.412943226903224 46.762133152797894 53.03995717381378 
40.000029724988956 38.63861252684936 49.72667672386724 43.669925326247125 30.450983202517452 55.35975413601473 89.23957854001777 71.6610241205078 15.372129910978504 44.72100317524195 58.186761939465235 60.0003981403457 52.91508814128537 44.72209862025707 24.78578150876022 19.999661322132432 34.641415632159145 56.56858453240633 77.274 80.00005944997791 69.28232242065793 56.56858453240633 20.706 0.0 39.99961639816062 46.76248399090878 53.04043450990952 66.36258729886893 68.68230753986066 69.85290803538533 69.85301829556116 62.93697391041295 58.46748690511676 53.03995717381378 46.762133152797894 24.412943226903224 16.813910818129138 10.978989252203503 10.979099462159908 32.23231460816923 39.768328365673106 
40.000029724988956 30.450983202517452 43.669925326247125 49.72667672386724 38.63861252684936 15.372129910978504 71.6610241205078 89.23957854001777 55.35975413601473 24.78578150876022 44.72209862025707 52.91508814128537 60.0003981403457 58.186761939465235 44.72100317524195 34.641415632159145 19.999661322132432 20.706 56.56858453240633 69.28232242065793 80.00005944997791 77.274 56.56858453240633 39.99961639816062 0.0 16.813910818129138 24.412943226903224 46.762133152797894 53.03995717381378 58.46748690511676 62.93697391041295 69.85301829556116 69.85290803538533 68.68230753986066 66.36258729886893 53.04043450990952 46.76248399090878 39.768328365673106 32.23231460816923 10.979099462159908 10.978989252203503 
29.99968508168044 20.127620450515256 30.35887193227047 39.93546174767483 32.83749541301833 20.63204073764881 54.84871106051627 79.83909509131475 61.57581591014446 10.499875046875557 28.996377325452226 38.16528488037263 49.07817686100412 49.89733768448974 41.94283950807336 33.81423833239483 13.832000578368987 10.978989252203503 39.768328365673106 53.03995717381378 68.68230753986066 69.85290803538533 58.46748690511676 46.76248399090878 16.813910818129138 0.0 7.831855080375274 29.999010717021985 36.52489367540993 42.42596150943429 47.60103124933324 57.95486093504151 59.486 59.99937016336088 59.486168896643534 51.96153962307121 47.601014295916 42.42596150943429 36.525115578188114 15.529853122293204 7.832 
29.999833616205276 21.110898062375274 27.755540293786392 39.42473864212672 35.06579554209487 25.06770865077221 47.45408324896815 78.55946802900336 67.4395285941413 10.50060160181311 23.86390253081 33.81298431076441 47.455708297316555 49.897363397277815 45.061332248392304 38.16662940318414 18.653826899593554 10.979099462159908 32.23231460816923 46.762133152797894 66.36258729886893 69.85301829556116 62.93697391041295 53.04043450990952 24.412943226903224 7.831855080375274 0.0 22.9597571851272 29.999010717021985 36.525115578188114 42.42617156897379 55.432 57.95486093504151 59.486168896643534 59.99966723241055 55.432929004338206 51.96153962307121 47.60103124933324 42.42617156897379 22.962 15.529853122293204 
29.999833616205276 27.755540293786392 21.110898062375274 35.06579554209487 39.42473864212672 47.45408324896815 25.06770865077221 67.4395285941413 78.55946802900336 23.86390253081 10.50060160181311 18.653826899593554 38.16662940318414 45.061332248392304 49.897363397277815 47.455708297316555 33.81298431076441 32.23231460816923 10.979099462159908 24.412943226903224 53.04043450990952 62.93697391041295 69.85301829556116 66.36258729886893 46.762133152797894 29.999010717021985 22.9597571851272 0.0 7.831855080375274 15.529853122293204 22.962 42.42617156897379 47.60103124933324 51.96153962307121 55.432929004338206 59.99966723241055 59.486168896643534 57.95486093504151 55.432 42.42617156897379 36.525115578188114 
29.99968508168044 30.35887193227047 20.127620450515256 32.83749541301833 39.93546174767483 54.84871106051627 20.63204073764881 61.57581591014446 79.83909509131475 28.996377325452226 10.499875046875557 13.832000578368987 33.81423833239483 41.94283950807336 49.89733768448974 49.07817686100412 38.16528488037263 39.768328365673106 10.978989252203503 16.813910818129138 46.76248399090878 58.46748690511676 69.85290803538533 68.68230753986066 53.03995717381378 36.52489367540993 29.999010717021985 7.831855080375274 0.0 7.832 15.529853122293204 36.525115578188114 42.42596150943429 47.601014295916 51.96153962307121 59.486168896643534 59.99937016336088 59.486 57.95486093504151 47.60103124933324 42.42596150943429 
29.99968508168044 32.83749541301833 20.127620450515256 30.35887193227047 39.93546174767483 61.57581591014446 20.63204073764881 54.84871106051627 79.83909509131475 33.81423833239483 13.832000578368987 10.499875046875557 28.996377325452226 38.16528488037263 49.07817686100412 49.89733768448974 41.94283950807336 46.76248399090878 16.813910818129138 10.978989252203503 39.768328365673106 53.03995717381378 68.68230753986066 69.85290803538533 58.46748690511676 42.42596150943429 36.525115578188114 15.529853122293204 7.832 0.0 7.831855080375274 29.999010717021985 36.52489367540993 42.42596150943429 47.60103124933324 57.95486093504151 59.486 59.99937016336088 59.486168896643534 51.96153962307121 47.601014295916 
29.999833616205276 35.06579554209487 21.110898062375274 27.755540293786392 39.42473864212672 67.4395285941413 25.06770865077221 47.45408324896815 78.55946802900336 38.16662940318414 18.653826899593554 10.50060160181311 23.86390253081 33.81298431076441 47.455708297316555 49.897363397277815 45.061332248392304 53.04043450990952 24.412943226903224 10.979099462159908 32.23231460816923 46.762133152797894 66.36258729886893 69.85301829556116 62.93697391041295 47.60103124933324 42.42617156897379 22.962 15.529853122293204 7.831855080375274 0.0 22.9597571851272 29.999010717021985 36.525115578188114 42.42617156897379 55.432 57.95486093504151 59.486168896643534 59.99966723241055 55.432929004338206 51.96153962307121 
29.999833616205276 39.42473864212672 27.755540293786392 21.110898062375274 35.06579554209487 78.55946802900336 47.45408324896815 25.06770865077221 67.4395285941413 47.455708297316555 33.81298431076441 23.86390253081 10.50060160181311 18.653826899593554 38.16662940318414 45.061332248392304 49.897363397277815 66.36258729886893 46.762133152797894 32.23231460816923 10.979099462159908 24.412943226903224 53.04043450990952 62.93697391041295 69.85301829556116 57.95486093504151 55.432 42.42617156897379 36.525115578188114 29.999010717021985 22.9597571851272 0.0 7.831855080375274 15.529853122293204 22.962 42.42617156897379 47.60103124933324 51.96153962307121 55.432929004338206 59.99966723241055 59.486168896643534 
29.99968508168044 39.93546174767483 30.35887193227047 20.127620450515256 32.83749541301833 79.83909509131475 54.84871106051627 20.63204073764881 61.57581591014446 49.07817686100412 38.16528488037263 28.996377325452226 10.499875046875557 13.832000578368987 33.81423833239483 41.94283950807336 49.89733768448974 68.68230753986066 53.03995717381378 39.768328365673106 10.978989252203503 16.813910818129138 46.76248399090878 58.46748690511676 69.85290803538533 59.486 57.95486093504151 47.60103124933324 42.42596150943429 36.52489367540993 29.999010717021985 7.831855080375274 0.0 7.832 15.529853122293204 36.525115578188114 42.42596150943429 47.601014295916 51.96153962307121 59.486168896643534 59.99937016336088 
29.99968508168044 39.93546174767483 32.83749541301833 20.127620450515256 30.35887193227047 79.83909509131475 61.57581591014446 20.63204073764881 54.84871106051627 49.89733768448974 41.94283950807336 33.81423833239483 13.832000578368987 10.499875046875557 28.996377325452226 38.16528488037263 49.07817686100412 69.85290803538533 58.46748690511676 46.76248399090878 16.813910818129138 10.978989252203503 39.768328365673106 53.03995717381378 68.68230753986066 59.99937016336088 59.486168896643534 51.96153962307121 47.601014295916 42.42596150943429 36.525115578188114 15.529853122293204 7.832 0.0 7.831855080375274 29.999010717021985 36.52489367540993 42.42596150943429 47.60103124933324 57.95486093504151 59.486 
29.999833616205276 39.42473864212672 35.06579554209487 21.110898062375274 27.755540293786392 78.55946802900336 67.4395285941413 25.06770865077221 47.45408324896815 49.897363397277815 45.061332248392304 38.16662940318414 18.653826899593554 10.50060160181311 23.86390253081 33.81298431076441 47.455708297316555 69.85301829556116 62.93697391041295 53.04043450990952 24.412943226903224 10.979099462159908 32.23231460816923 46.762133152797894 66.36258729886893 59.486168896643534 59.99966723241055 55.432929004338206 51.96153962307121 47.60103124933324 42.42617156897379 22.962 15.529853122293204 7.831855080375274 0.0 22.9597571851272 29.999010717021985 36.525115578188114 42.42617156897379 55.432 57.95486093504151 
29.999833616205276 35.06579554209487 39.42473864212672 27.755540293786392 21.110898062375274 67.4395285941413 78.55946802900336 47.45408324896815 25.06770865077221 45.061332248392304 49.897363397277815 47.455708297316555 33.81298431076441 23.86390253081 10.50060160181311 18.653826899593554 38.16662940318414 62.93697391041295 69.85301829556116 66.36258729886893 46.762133152797894 32.23231460816923 10.979099462159908 24.412943226903224 53.04043450990952 51.96153962307121 55.432929004338206 59.99966723241055 59.486168896643534 57.95486093504151 55.432 42.42617156897379 36.525115578188114 29.999010717021985 22.9597571851272 0.0 7.831855080375274 15.529853122293204 22.962 42.42617156897379 47.60103124933324 
29.99968508168044 32.83749541301833 39.93546174767483 30.35887193227047 20.127620450515256 61.57581591014446 79.83909509131475 54.84871106051627 20.63204073764881 41.94283950807336 49.89733768448974 49.07817686100412 38.16528488037263 28.996377325452226 10.499875046875557 13.832000578368987 33.81423833239483 58.46748690511676 69.85290803538533 68.68230753986066 53.03995717381378 39.768328365673106 10.978989252203503 16.813910818129138 46.76248399090878 47.601014295916 51.96153962307121 59.486168896643534 59.99937016336088 59.486 57.95486093504151 47.60103124933324 42.42596150943429 36.52489367540993 29.999010717021985 7.831855080375274 0.0 7.832 15.529853122293204 36.525115578188114 42.42596150943429 
29.99968508168044 30.35887193227047 39.93546174767483 32.83749541301833 20.127620450515256 54.84871106051627 79.83909509131475 61.57581591014446 20.63204073764881 38.16528488037263 49.07817686100412 49.89733768448974 41.94283950807336 33.81423833239483 13.832000578368987 10.499875046875557 28.996377325452226 53.03995717381378 68.68230753986066 69.85290803538533 58.46748690511676 46.76248399090878 16.813910818129138 10.978989252203503 39.768328365673106 42.42596150943429 47.60103124933324 57.95486093504151 59.486 59.99937016336088 59.486168896643534 51.96153962307121 47.601014295916 42.42596150943429 36.525115578188114 15.529853122293204 7.832 0.0 7.831855080375274 29.999010717021985 36.52489367540993 
29.999833616205276 27.755540293786392 39.42473864212672 35.06579554209487 21.110898062375274 47.45408324896815 78.55946802900336 67.4395285941413 25.06770865077221 33.81298431076441 47.455708297316555 49.897363397277815 45.061332248392304 38.16662940318414 18.653826899593554 10.50060160181311 23.86390253081 46.762133152797894 66.36258729886893 69.85301829556116 62.93697391041295 53.04043450990952 24.412943226903224 10.979099462159908 32.23231460816923 36.525115578188114 42.42617156897379 55.432 57.95486093504151 59.486168896643534 59.99966723241055 55.432929004338206 51.96153962307121 47.60103124933324 42.42617156897379 22.962 15.529853122293204 7.831855080375274 0.0 22.9597571851272 29.999010717021985 
29.999833616205276 21.110898062375274 35.06579554209487 39.42473864212672 27.755540293786392 25.06770865077221 67.4395285941413 78.55946802900336 47.45408324896815 18.653826899593554 38.16662940318414 45.061332248392304 49.897363397277815 47.455708297316555 33.81298431076441 23.86390253081 10.50060160181311 24.412943226903224 53.04043450990952 62.93697391041295 69.85301829556116 66.36258729886893 46.762133152797894 32.23231460816923 10.979099462159908 15.529853122293204 22.962 42.42617156897379 47.60103124933324 51.96153962307121 55.432929004338206 59.99966723241055 59.486168896643534 57.95486093504151 55.432 42.42617156897379 36.525115578188114 29.999010717021985 22.9597571851272 0.0 7.831855080375274 
29.99968508168044 20.127620450515256 32.83749541301833 39.93546174767483 30.35887193227047 20.63204073764881 61.57581591014446 79.83909509131475 54.84871106051627 13.832000578368987 33.81423833239483 41.94283950807336 49.89733768448974 49.07817686100412 38.16528488037263 28.996377325452226 10.499875046875557 16.813910818129138 46.76248399090878 58.46748690511676 69.85290803538533 68.68230753986066 53.03995717381378 39.768328365673106 10.978989252203503 7.832 15.529853122293204 36.525115578188114 42.42596150943429 47.601014295916 51.96153962307121 59.486168896643534 59.99937016336088 59.486 57.95486093504151 47.60103124933324 42.42596150943429 36.52489367540993 29.999010717021985 7.831855080375274 0.0 
