1 ; number of test cases ; for now it is ignored
4 ; number of periods
1 ; number of depots
4 ; number of total vehicles
4  ; number of vehicle per depot
40.0 40.0 40.0 40.0  ; Maximum allowable load of each vehicle 
 ; t(total period) lines containg  v (total vehicle) values each referring maximum time limit (route duration) for that day for that vehicle (NEW)
0.0 0.0 0.0 0.0 
0.0 0.0 0.0 0.0 
0.0 0.0 0.0 0.0 
0.0 0.0 0.0 0.0 
112 ; number of clients
4 4 4 4 4 4 4 4 4 4 4 4 4 4 4 4 2 2 2 2 2 2 2 2 2 2 2 2 2 2 2 2 2 2 2 2 2 2 2 2 2 2 2 2 2 2 2 2 2 2 2 2 2 2 2 2 2 2 2 2 2 2 2 2 1 1 1 1 1 1 1 1 1 1 1 1 1 1 1 1 1 1 1 1 1 1 1 1 1 1 1 1 1 1 1 1 1 1 1 1 1 1 1 1 1 1 1 1 1 1 1 1  ; frequency
0.0 0.0 0.0 0.0 0.0 0.0 0.0 0.0 0.0 0.0 0.0 0.0 0.0 0.0 0.0 0.0 0.0 0.0 0.0 0.0 0.0 0.0 0.0 0.0 0.0 0.0 0.0 0.0 0.0 0.0 0.0 0.0 0.0 0.0 0.0 0.0 0.0 0.0 0.0 0.0 0.0 0.0 0.0 0.0 0.0 0.0 0.0 0.0 0.0 0.0 0.0 0.0 0.0 0.0 0.0 0.0 0.0 0.0 0.0 0.0 0.0 0.0 0.0 0.0 0.0 0.0 0.0 0.0 0.0 0.0 0.0 0.0 0.0 0.0 0.0 0.0 0.0 0.0 0.0 0.0 0.0 0.0 0.0 0.0 0.0 0.0 0.0 0.0 0.0 0.0 0.0 0.0 0.0 0.0 0.0 0.0 0.0 0.0 0.0 0.0 0.0 0.0 0.0 0.0 0.0 0.0 0.0 0.0 0.0 0.0 0.0 0.0  ; service time for every client 
5.0 5.0 5.0 5.0 5.0 5.0 5.0 5.0 5.0 5.0 5.0 5.0 5.0 5.0 5.0 5.0 2.0 2.0 2.0 2.0 2.0 2.0 2.0 2.0 2.0 2.0 2.0 2.0 2.0 2.0 2.0 2.0 2.0 2.0 2.0 2.0 2.0 2.0 2.0 2.0 2.0 2.0 2.0 2.0 2.0 2.0 2.0 2.0 2.0 2.0 2.0 2.0 2.0 2.0 2.0 2.0 2.0 2.0 2.0 2.0 2.0 2.0 2.0 2.0 1.0 1.0 1.0 1.0 1.0 1.0 1.0 1.0 1.0 1.0 1.0 1.0 1.0 1.0 1.0 1.0 1.0 1.0 1.0 1.0 1.0 1.0 1.0 1.0 1.0 1.0 1.0 1.0 1.0 1.0 1.0 1.0 1.0 1.0 1.0 1.0 1.0 1.0 1.0 1.0 1.0 1.0 1.0 1.0 1.0 1.0 1.0 1.0  ; demand for every client 
; COST MATRIX
0.0 10.0 10.0 10.0 10.0 50.0 50.0 50.0 50.0 90.0 90.0 90.0 90.0 130.0 130.0 130.0 130.0 20.000368421606638 20.000368421606638 20.000368421606638 20.000368421606638 20.000368421606638 20.000368421606638 20.000368421606638 20.000368421606638 40.000029724988956 40.000029724988956 40.000029724988956 40.000029724988956 40.000029724988956 40.000029724988956 40.000029724988956 40.000029724988956 60.0003981403457 60.0003981403457 60.0003981403457 60.0003981403457 60.0003981403457 60.0003981403457 60.0003981403457 60.0003981403457 80.00005944997791 80.00005944997791 80.00005944997791 80.00005944997791 80.00005944997791 80.00005944997791 80.00005944997791 80.00005944997791 100.00042786408466 100.00042786408466 100.00042786408466 100.00042786408466 100.00042786408466 100.00042786408466 100.00042786408466 100.00042786408466 119.99983035404675 119.99983035404675 119.99983035404675 119.99983035404675 119.99983035404675 119.99983035404675 119.99983035404675 119.99983035404675 29.99968508168044 29.999833616205276 29.999833616205276 29.99968508168044 29.99968508168044 29.999833616205276 29.999833616205276 29.99968508168044 29.99968508168044 29.999833616205276 29.999833616205276 29.99968508168044 29.99968508168044 29.999833616205276 29.999833616205276 29.99968508168044 69.99988264275876 70.00046091276828 70.00046091276828 69.99988264275876 69.99988264275876 70.00046091276828 70.00046091276828 69.99988264275876 69.99988264275876 70.00046091276828 70.00046091276828 69.99988264275876 69.99988264275876 70.00046091276828 70.00046091276828 69.99988264275876 110.00008020451621 110.00016433624087 110.00016433624087 110.00008020451621 110.00008020451621 110.00016433624087 110.00016433624087 110.00008020451621 110.00008020451621 110.00016433624087 110.00016433624087 110.00008020451621 110.00008020451621 110.00016433624087 110.00016433624087 110.00008020451621 
10.0 0.0 14.142135623730951 20.0 14.142135623730951 40.0 50.99019513592785 60.0 50.99019513592785 80.0 90.55385138137417 100.0 90.55385138137417 120.0 130.38404810405297 140.0 130.38404810405297 10.65995952149913 19.912175596855306 24.566943989841306 29.77238211833242 29.77238211833242 24.566943989841306 19.912175596855306 10.65995952149913 30.450983202517452 38.63861252684936 43.669925326247125 49.72667672386724 49.72667672386724 43.669925326247125 38.63861252684936 30.450983202517452 50.40761625984709 58.219135831786446 63.32951742276266 69.70773111355727 69.70773111355727 63.32951742276266 58.219135831786446 50.40761625984709 70.38841887697151 78.01211131612834 83.1512448012656 89.69665273576267 89.69665273576267 83.1512448012656 78.01211131612834 70.38841887697151 90.3782361688919 97.88996666155322 103.042348444705 109.69022551257702 109.69022551257702 103.042348444705 97.88996666155322 90.3782361688919 110.37091684406721 117.80831585673398 122.96796040026037 129.6849231213868 129.6849231213868 122.96796040026037 117.80831585673398 110.37091684406721 20.127620450515256 21.110898062375274 27.755540293786392 30.35887193227047 32.83749541301833 35.06579554209487 39.42473864212672 39.93546174767483 39.93546174767483 39.42473864212672 35.06579554209487 32.83749541301833 30.35887193227047 27.755540293786392 21.110898062375274 20.127620450515256 60.09961372588013 60.88205423603904 66.81545126690382 69.40636548617137 71.99113535707018 74.4031217624637 79.33161115217565 79.92498714419665 79.92498714419665 79.33161115217565 74.4031217624637 71.99113535707018 69.40636548617137 66.81545126690382 60.88205423603904 60.09961372588013 100.0941439096214 100.8340029652696 106.57455678537912 109.14603815530822 111.7460408470922 114.20129663887359 119.30036108076119 119.92163126392168 119.92163126392168 119.30036108076119 114.20129663887359 111.7460408470922 109.14603815530822 106.57455678537912 100.8340029652696 100.0941439096214 
10.0 14.142135623730951 0.0 14.142135623730951 20.0 50.99019513592785 40.0 50.99019513592785 60.0 90.55385138137417 80.0 90.55385138137417 100.0 130.38404810405297 120.0 130.38404810405297 140.0 19.912175596855306 10.65995952149913 10.65995952149913 19.912175596855306 24.566943989841306 29.77238211833242 29.77238211833242 24.566943989841306 38.63861252684936 30.450983202517452 30.450983202517452 38.63861252684936 43.669925326247125 49.72667672386724 49.72667672386724 43.669925326247125 58.219135831786446 50.40761625984709 50.40761625984709 58.219135831786446 63.32951742276266 69.70773111355727 69.70773111355727 63.32951742276266 78.01211131612834 70.38841887697151 70.38841887697151 78.01211131612834 83.1512448012656 89.69665273576267 89.69665273576267 83.1512448012656 97.88996666155322 90.3782361688919 90.3782361688919 97.88996666155322 103.042348444705 109.69022551257702 109.69022551257702 103.042348444705 117.80831585673398 110.37091684406721 110.37091684406721 117.80831585673398 122.96796040026037 129.6849231213868 129.6849231213868 122.96796040026037 30.35887193227047 27.755540293786392 21.110898062375274 20.127620450515256 20.127620450515256 21.110898062375274 27.755540293786392 30.35887193227047 32.83749541301833 35.06579554209487 39.42473864212672 39.93546174767483 39.93546174767483 39.42473864212672 35.06579554209487 32.83749541301833 69.40636548617137 66.81545126690382 60.88205423603904 60.09961372588013 60.09961372588013 60.88205423603904 66.81545126690382 69.40636548617137 71.99113535707018 74.4031217624637 79.33161115217565 79.92498714419665 79.92498714419665 79.33161115217565 74.4031217624637 71.99113535707018 109.14603815530822 106.57455678537912 100.8340029652696 100.0941439096214 100.0941439096214 100.8340029652696 106.57455678537912 109.14603815530822 111.7460408470922 114.20129663887359 119.30036108076119 119.92163126392168 119.92163126392168 119.30036108076119 114.20129663887359 111.7460408470922 
10.0 20.0 14.142135623730951 0.0 14.142135623730951 60.0 50.99019513592785 40.0 50.99019513592785 100.0 90.55385138137417 80.0 90.55385138137417 140.0 130.38404810405297 120.0 130.38404810405297 29.77238211833242 24.566943989841306 19.912175596855306 10.65995952149913 10.65995952149913 19.912175596855306 24.566943989841306 29.77238211833242 49.72667672386724 43.669925326247125 38.63861252684936 30.450983202517452 30.450983202517452 38.63861252684936 43.669925326247125 49.72667672386724 69.70773111355727 63.32951742276266 58.219135831786446 50.40761625984709 50.40761625984709 58.219135831786446 63.32951742276266 69.70773111355727 89.69665273576267 83.1512448012656 78.01211131612834 70.38841887697151 70.38841887697151 78.01211131612834 83.1512448012656 89.69665273576267 109.69022551257702 103.042348444705 97.88996666155322 90.3782361688919 90.3782361688919 97.88996666155322 103.042348444705 109.69022551257702 129.6849231213868 122.96796040026037 117.80831585673398 110.37091684406721 110.37091684406721 117.80831585673398 122.96796040026037 129.6849231213868 39.93546174767483 39.42473864212672 35.06579554209487 32.83749541301833 30.35887193227047 27.755540293786392 21.110898062375274 20.127620450515256 20.127620450515256 21.110898062375274 27.755540293786392 30.35887193227047 32.83749541301833 35.06579554209487 39.42473864212672 39.93546174767483 79.92498714419665 79.33161115217565 74.4031217624637 71.99113535707018 69.40636548617137 66.81545126690382 60.88205423603904 60.09961372588013 60.09961372588013 60.88205423603904 66.81545126690382 69.40636548617137 71.99113535707018 74.4031217624637 79.33161115217565 79.92498714419665 119.92163126392168 119.30036108076119 114.20129663887359 111.7460408470922 109.14603815530822 106.57455678537912 100.8340029652696 100.0941439096214 100.0941439096214 100.8340029652696 106.57455678537912 109.14603815530822 111.7460408470922 114.20129663887359 119.30036108076119 119.92163126392168 
10.0 14.142135623730951 20.0 14.142135623730951 0.0 50.99019513592785 60.0 50.99019513592785 40.0 90.55385138137417 100.0 90.55385138137417 80.0 130.38404810405297 140.0 130.38404810405297 120.0 24.566943989841306 29.77238211833242 29.77238211833242 24.566943989841306 19.912175596855306 10.65995952149913 10.65995952149913 19.912175596855306 43.669925326247125 49.72667672386724 49.72667672386724 43.669925326247125 38.63861252684936 30.450983202517452 30.450983202517452 38.63861252684936 63.32951742276266 69.70773111355727 69.70773111355727 63.32951742276266 58.219135831786446 50.40761625984709 50.40761625984709 58.219135831786446 83.1512448012656 89.69665273576267 89.69665273576267 83.1512448012656 78.01211131612834 70.38841887697151 70.38841887697151 78.01211131612834 103.042348444705 109.69022551257702 109.69022551257702 103.042348444705 97.88996666155322 90.3782361688919 90.3782361688919 97.88996666155322 122.96796040026037 129.6849231213868 129.6849231213868 122.96796040026037 117.80831585673398 110.37091684406721 110.37091684406721 117.80831585673398 32.83749541301833 35.06579554209487 39.42473864212672 39.93546174767483 39.93546174767483 39.42473864212672 35.06579554209487 32.83749541301833 30.35887193227047 27.755540293786392 21.110898062375274 20.127620450515256 20.127620450515256 21.110898062375274 27.755540293786392 30.35887193227047 71.99113535707018 74.4031217624637 79.33161115217565 79.92498714419665 79.92498714419665 79.33161115217565 74.4031217624637 71.99113535707018 69.40636548617137 66.81545126690382 60.88205423603904 60.09961372588013 60.09961372588013 60.88205423603904 66.81545126690382 69.40636548617137 111.7460408470922 114.20129663887359 119.30036108076119 119.92163126392168 119.92163126392168 119.30036108076119 114.20129663887359 111.7460408470922 109.14603815530822 106.57455678537912 100.8340029652696 100.0941439096214 100.0941439096214 100.8340029652696 106.57455678537912 109.14603815530822 
50.0 40.0 50.99019513592785 60.0 50.99019513592785 0.0 70.71067811865476 100.0 70.71067811865476 40.0 102.95630140987001 140.0 102.95630140987001 80.0 139.2838827718412 180.0 139.2838827718412 31.114542210998383 48.8099860376952 58.46036894341328 69.51197549343567 69.51197549343567 58.46036894341328 48.8099860376952 31.114542210998383 15.372129910978504 55.35975413601473 71.6610241205078 89.23957854001777 89.23957854001777 71.6610241205078 55.35975413601473 15.372129910978504 17.448431935277167 67.43254241833093 87.48112811915493 109.0671709406639 109.0671709406639 87.48112811915493 67.43254241833093 17.448431935277167 34.243386397960116 82.64024148077013 104.7406774467303 128.94731293051439 128.94731293051439 104.7406774467303 82.64024148077013 34.243386397960116 53.29902037561291 99.558453046439 122.83438269881931 148.8602887710487 148.8602887710487 122.83438269881931 99.558453046439 53.29902037561291 72.86191930631529 117.44853887980047 141.44171691901934 168.79294797176806 168.79294797176806 141.44171691901934 117.44853887980047 72.86191930631529 20.63204073764881 25.06770865077221 47.45408324896815 54.84871106051627 61.57581591014446 67.4395285941413 78.55946802900336 79.83909509131475 79.83909509131475 78.55946802900336 67.4395285941413 61.57581591014446 54.84871106051627 47.45408324896815 25.06770865077221 20.63204073764881 21.444896129382393 30.542831041015173 68.71145849128804 80.537466871016 91.17940321147096 100.39354823891821 117.75935006614124 119.75008797491549 119.75008797491549 117.75935006614124 100.39354823891821 91.17940321147096 80.537466871016 68.71145849128804 30.542831041015173 21.444896129382393 60.77925340936659 66.61333315485722 101.93397938862192 114.73542454272786 126.63260893229673 137.14786237488354 157.36180017399394 159.70572201708993 159.70572201708993 157.36180017399394 137.14786237488354 126.63260893229673 114.73542454272786 101.93397938862192 66.61333315485722 60.77925340936659 
50.0 50.99019513592785 40.0 50.99019513592785 60.0 70.71067811865476 0.0 70.71067811865476 100.0 102.95630140987001 40.0 102.95630140987001 140.0 139.2838827718412 80.0 139.2838827718412 180.0 48.8099860376952 31.114542210998383 31.114542210998383 48.8099860376952 58.46036894341328 69.51197549343567 69.51197549343567 58.46036894341328 55.35975413601473 15.372129910978504 15.372129910978504 55.35975413601473 71.6610241205078 89.23957854001777 89.23957854001777 71.6610241205078 67.43254241833093 17.448431935277167 17.448431935277167 67.43254241833093 87.48112811915493 109.0671709406639 109.0671709406639 87.48112811915493 82.64024148077013 34.243386397960116 34.243386397960116 82.64024148077013 104.7406774467303 128.94731293051439 128.94731293051439 104.7406774467303 99.558453046439 53.29902037561291 53.29902037561291 99.558453046439 122.83438269881931 148.8602887710487 148.8602887710487 122.83438269881931 117.44853887980047 72.86191930631529 72.86191930631529 117.44853887980047 141.44171691901934 168.79294797176806 168.79294797176806 141.44171691901934 54.84871106051627 47.45408324896815 25.06770865077221 20.63204073764881 20.63204073764881 25.06770865077221 47.45408324896815 54.84871106051627 61.57581591014446 67.4395285941413 78.55946802900336 79.83909509131475 79.83909509131475 78.55946802900336 67.4395285941413 61.57581591014446 80.537466871016 68.71145849128804 30.542831041015173 21.444896129382393 21.444896129382393 30.542831041015173 68.71145849128804 80.537466871016 91.17940321147096 100.39354823891821 117.75935006614124 119.75008797491549 119.75008797491549 117.75935006614124 100.39354823891821 91.17940321147096 114.73542454272786 101.93397938862192 66.61333315485722 60.77925340936659 60.77925340936659 66.61333315485722 101.93397938862192 114.73542454272786 126.63260893229673 137.14786237488354 157.36180017399394 159.70572201708993 159.70572201708993 157.36180017399394 137.14786237488354 126.63260893229673 
50.0 60.0 50.99019513592785 40.0 50.99019513592785 100.0 70.71067811865476 0.0 70.71067811865476 140.0 102.95630140987001 40.0 102.95630140987001 180.0 139.2838827718412 80.0 139.2838827718412 69.51197549343567 58.46036894341328 48.8099860376952 31.114542210998383 31.114542210998383 48.8099860376952 58.46036894341328 69.51197549343567 89.23957854001777 71.6610241205078 55.35975413601473 15.372129910978504 15.372129910978504 55.35975413601473 71.6610241205078 89.23957854001777 109.0671709406639 87.48112811915493 67.43254241833093 17.448431935277167 17.448431935277167 67.43254241833093 87.48112811915493 109.0671709406639 128.94731293051439 104.7406774467303 82.64024148077013 34.243386397960116 34.243386397960116 82.64024148077013 104.7406774467303 128.94731293051439 148.8602887710487 122.83438269881931 99.558453046439 53.29902037561291 53.29902037561291 99.558453046439 122.83438269881931 148.8602887710487 168.79294797176806 141.44171691901934 117.44853887980047 72.86191930631529 72.86191930631529 117.44853887980047 141.44171691901934 168.79294797176806 79.83909509131475 78.55946802900336 67.4395285941413 61.57581591014446 54.84871106051627 47.45408324896815 25.06770865077221 20.63204073764881 20.63204073764881 25.06770865077221 47.45408324896815 54.84871106051627 61.57581591014446 67.4395285941413 78.55946802900336 79.83909509131475 119.75008797491549 117.75935006614124 100.39354823891821 91.17940321147096 80.537466871016 68.71145849128804 30.542831041015173 21.444896129382393 21.444896129382393 30.542831041015173 68.71145849128804 80.537466871016 91.17940321147096 100.39354823891821 117.75935006614124 119.75008797491549 159.70572201708993 157.36180017399394 137.14786237488354 126.63260893229673 114.73542454272786 101.93397938862192 66.61333315485722 60.77925340936659 60.77925340936659 66.61333315485722 101.93397938862192 114.73542454272786 126.63260893229673 137.14786237488354 157.36180017399394 159.70572201708993 
50.0 50.99019513592785 60.0 50.99019513592785 40.0 70.71067811865476 100.0 70.71067811865476 0.0 102.95630140987001 140.0 102.95630140987001 40.0 139.2838827718412 180.0 139.2838827718412 80.0 58.46036894341328 69.51197549343567 69.51197549343567 58.46036894341328 48.8099860376952 31.114542210998383 31.114542210998383 48.8099860376952 71.6610241205078 89.23957854001777 89.23957854001777 71.6610241205078 55.35975413601473 15.372129910978504 15.372129910978504 55.35975413601473 87.48112811915493 109.0671709406639 109.0671709406639 87.48112811915493 67.43254241833093 17.448431935277167 17.448431935277167 67.43254241833093 104.7406774467303 128.94731293051439 128.94731293051439 104.7406774467303 82.64024148077013 34.243386397960116 34.243386397960116 82.64024148077013 122.83438269881931 148.8602887710487 148.8602887710487 122.83438269881931 99.558453046439 53.29902037561291 53.29902037561291 99.558453046439 141.44171691901934 168.79294797176806 168.79294797176806 141.44171691901934 117.44853887980047 72.86191930631529 72.86191930631529 117.44853887980047 61.57581591014446 67.4395285941413 78.55946802900336 79.83909509131475 79.83909509131475 78.55946802900336 67.4395285941413 61.57581591014446 54.84871106051627 47.45408324896815 25.06770865077221 20.63204073764881 20.63204073764881 25.06770865077221 47.45408324896815 54.84871106051627 91.17940321147096 100.39354823891821 117.75935006614124 119.75008797491549 119.75008797491549 117.75935006614124 100.39354823891821 91.17940321147096 80.537466871016 68.71145849128804 30.542831041015173 21.444896129382393 21.444896129382393 30.542831041015173 68.71145849128804 80.537466871016 126.63260893229673 137.14786237488354 157.36180017399394 159.70572201708993 159.70572201708993 157.36180017399394 137.14786237488354 126.63260893229673 114.73542454272786 101.93397938862192 66.61333315485722 60.77925340936659 60.77925340936659 66.61333315485722 101.93397938862192 114.73542454272786 
90.0 80.0 90.55385138137417 100.0 90.55385138137417 40.0 102.95630140987001 140.0 102.95630140987001 0.0 127.27922061357856 180.0 127.27922061357856 40.0 158.11388300841898 220.0 158.11388300841898 70.87026694601904 86.99617656541005 97.11691272378874 109.4414671730967 109.4414671730967 97.11691272378874 86.99617656541005 70.87026694601904 52.39601490571587 88.52379554673422 107.5339126880446 129.0529440888506 129.0529440888506 107.5339126880446 88.52379554673422 52.39601490571587 35.608535170658165 94.36539501851301 120.39629469796817 148.76870563730802 148.76870563730802 120.39629469796817 94.36539501851301 35.608535170658165 24.304104838483557 103.79272379121765 135.0077387115272 168.5506734249377 168.5506734249377 135.0077387115272 103.79272379121765 24.304104838483557 26.70852996703488 115.93673090526573 150.860351229208 188.37947227073337 188.37947227073337 150.860351229208 115.93673090526573 26.70852996703488 40.4472407587959 130.03660748035531 167.60190716396994 208.24010008881575 208.24010008881575 167.60190716396994 130.03660748035531 40.4472407587959 60.38411301824347 63.33332469561345 83.26710044789598 91.07744564380361 98.51325344845738 105.19776621677856 118.27455354808997 119.80701609254777 119.80701609254777 118.27455354808997 105.19776621677856 98.51325344845738 91.07744564380361 83.26710044789598 63.33332469561345 60.38411301824347 22.53449733186876 36.86603488307361 90.4335365226861 106.56136058628381 121.01505513778028 133.49870609110786 156.97459835272713 159.66265552720836 159.66265552720836 156.97459835272713 133.49870609110786 121.01505513778028 106.56136058628381 90.4335365226861 36.86603488307361 22.53449733186876 23.86205450081782 43.67122798823042 112.35184090169595 132.72368908751744 150.94521405132394 166.66474178421782 196.19606559255976 199.57614497980464 199.57614497980464 196.19606559255976 166.66474178421782 150.94521405132394 132.72368908751744 112.35184090169595 43.67122798823042 23.86205450081782 
90.0 90.55385138137417 80.0 90.55385138137417 100.0 102.95630140987001 40.0 102.95630140987001 140.0 127.27922061357856 0.0 127.27922061357856 180.0 158.11388300841898 40.0 158.11388300841898 220.0 86.99617656541005 70.87026694601904 70.87026694601904 86.99617656541005 97.11691272378874 109.4414671730967 109.4414671730967 97.11691272378874 88.52379554673422 52.39601490571587 52.39601490571587 88.52379554673422 107.5339126880446 129.0529440888506 129.0529440888506 107.5339126880446 94.36539501851301 35.608535170658165 35.608535170658165 94.36539501851301 120.39629469796817 148.76870563730802 148.76870563730802 120.39629469796817 103.79272379121765 24.304104838483557 24.304104838483557 103.79272379121765 135.0077387115272 168.5506734249377 168.5506734249377 135.0077387115272 115.93673090526573 26.70852996703488 26.70852996703488 115.93673090526573 150.860351229208 188.37947227073337 188.37947227073337 150.860351229208 130.03660748035531 40.4472407587959 40.4472407587959 130.03660748035531 167.60190716396994 208.24010008881575 208.24010008881575 167.60190716396994 91.07744564380361 83.26710044789598 63.33332469561345 60.38411301824347 60.38411301824347 63.33332469561345 83.26710044789598 91.07744564380361 98.51325344845738 105.19776621677856 118.27455354808997 119.80701609254777 119.80701609254777 118.27455354808997 105.19776621677856 98.51325344845738 106.56136058628381 90.4335365226861 36.86603488307361 22.53449733186876 22.53449733186876 36.86603488307361 90.4335365226861 106.56136058628381 121.01505513778028 133.49870609110786 156.97459835272713 159.66265552720836 159.66265552720836 156.97459835272713 133.49870609110786 121.01505513778028 132.72368908751744 112.35184090169595 43.67122798823042 23.86205450081782 23.86205450081782 43.67122798823042 112.35184090169595 132.72368908751744 150.94521405132394 166.66474178421782 196.19606559255976 199.57614497980464 199.57614497980464 196.19606559255976 166.66474178421782 150.94521405132394 
90.0 100.0 90.55385138137417 80.0 90.55385138137417 140.0 102.95630140987001 40.0 102.95630140987001 180.0 127.27922061357856 0.0 127.27922061357856 220.0 158.11388300841898 40.0 158.11388300841898 109.4414671730967 97.11691272378874 86.99617656541005 70.87026694601904 70.87026694601904 86.99617656541005 97.11691272378874 109.4414671730967 129.0529440888506 107.5339126880446 88.52379554673422 52.39601490571587 52.39601490571587 88.52379554673422 107.5339126880446 129.0529440888506 148.76870563730802 120.39629469796817 94.36539501851301 35.608535170658165 35.608535170658165 94.36539501851301 120.39629469796817 148.76870563730802 168.5506734249377 135.0077387115272 103.79272379121765 24.304104838483557 24.304104838483557 103.79272379121765 135.0077387115272 168.5506734249377 188.37947227073337 150.860351229208 115.93673090526573 26.70852996703488 26.70852996703488 115.93673090526573 150.860351229208 188.37947227073337 208.24010008881575 167.60190716396994 130.03660748035531 40.4472407587959 40.4472407587959 130.03660748035531 167.60190716396994 208.24010008881575 119.80701609254777 118.27455354808997 105.19776621677856 98.51325344845738 91.07744564380361 83.26710044789598 63.33332469561345 60.38411301824347 60.38411301824347 63.33332469561345 83.26710044789598 91.07744564380361 98.51325344845738 105.19776621677856 118.27455354808997 119.80701609254777 159.66265552720836 156.97459835272713 133.49870609110786 121.01505513778028 106.56136058628381 90.4335365226861 36.86603488307361 22.53449733186876 22.53449733186876 36.86603488307361 90.4335365226861 106.56136058628381 121.01505513778028 133.49870609110786 156.97459835272713 159.66265552720836 199.57614497980464 196.19606559255976 166.66474178421782 150.94521405132394 132.72368908751744 112.35184090169595 43.67122798823042 23.86205450081782 23.86205450081782 43.67122798823042 112.35184090169595 132.72368908751744 150.94521405132394 166.66474178421782 196.19606559255976 199.57614497980464 
90.0 90.55385138137417 100.0 90.55385138137417 80.0 102.95630140987001 140.0 102.95630140987001 40.0 127.27922061357856 180.0 127.27922061357856 0.0 158.11388300841898 220.0 158.11388300841898 40.0 97.11691272378874 109.4414671730967 109.4414671730967 97.11691272378874 86.99617656541005 70.87026694601904 70.87026694601904 86.99617656541005 107.5339126880446 129.0529440888506 129.0529440888506 107.5339126880446 88.52379554673422 52.39601490571587 52.39601490571587 88.52379554673422 120.39629469796817 148.76870563730802 148.76870563730802 120.39629469796817 94.36539501851301 35.608535170658165 35.608535170658165 94.36539501851301 135.0077387115272 168.5506734249377 168.5506734249377 135.0077387115272 103.79272379121765 24.304104838483557 24.304104838483557 103.79272379121765 150.860351229208 188.37947227073337 188.37947227073337 150.860351229208 115.93673090526573 26.70852996703488 26.70852996703488 115.93673090526573 167.60190716396994 208.24010008881575 208.24010008881575 167.60190716396994 130.03660748035531 40.4472407587959 40.4472407587959 130.03660748035531 98.51325344845738 105.19776621677856 118.27455354808997 119.80701609254777 119.80701609254777 118.27455354808997 105.19776621677856 98.51325344845738 91.07744564380361 83.26710044789598 63.33332469561345 60.38411301824347 60.38411301824347 63.33332469561345 83.26710044789598 91.07744564380361 121.01505513778028 133.49870609110786 156.97459835272713 159.66265552720836 159.66265552720836 156.97459835272713 133.49870609110786 121.01505513778028 106.56136058628381 90.4335365226861 36.86603488307361 22.53449733186876 22.53449733186876 36.86603488307361 90.4335365226861 106.56136058628381 150.94521405132394 166.66474178421782 196.19606559255976 199.57614497980464 199.57614497980464 196.19606559255976 166.66474178421782 150.94521405132394 132.72368908751744 112.35184090169595 43.67122798823042 23.86205450081782 23.86205450081782 43.67122798823042 112.35184090169595 132.72368908751744 
130.0 120.0 130.38404810405297 140.0 130.38404810405297 80.0 139.2838827718412 180.0 139.2838827718412 40.0 158.11388300841898 220.0 158.11388300841898 0.0 183.84776310850236 260.0 183.84776310850236 110.80196179219932 126.31015294504239 136.54953217422604 149.40868360640889 149.40868360640889 136.54953217422604 126.31015294504239 110.80196179219932 91.94771545829728 125.73075350923496 145.57397562064452 168.9544979513715 168.9544979513715 145.57397562064452 125.73075350923496 91.94771545829728 73.69862805371618 128.30630450994994 156.64478215695536 188.59641506932203 188.59641506932203 156.64478215695536 128.30630450994994 73.69862805371618 56.64600173004269 133.85234219840908 169.36224346648223 208.30566365800044 208.30566365800044 169.36224346648223 133.85234219840908 56.64600173004269 42.25997601750384 142.0238204422061 183.38322053285026 228.06636221284367 228.06636221284367 183.38322053285026 142.0238204422061 42.25997601750384 34.10424145176081 152.39711048769922 198.43144731871507 247.86451800328342 247.86451800328342 198.43144731871507 152.39711048769922 34.10424145176081 100.33344958188172 102.92633296197819 121.71659713038316 129.54466837735933 137.179229860063 144.17021196141732 158.13332987387574 159.79099193947073 159.79099193947073 158.13332987387574 144.17021196141732 137.179229860063 129.54466837735933 121.71659713038316 102.92633296197819 100.33344958188172 61.28395850465275 70.60697223362577 121.79977228221735 139.371315449055 155.4850589928177 169.60231286158808 196.50644907483314 199.610229121656 199.610229121656 196.50644907483314 169.60231286158808 155.4850589928177 139.371315449055 121.79977228221735 70.60697223362577 61.28395850465275 25.390503047399438 50.76431969405283 134.370146066751 158.95577260672226 180.92290525248592 199.86179263180844 235.4210189299163 239.48978609744506 239.48978609744506 235.4210189299163 199.86179263180844 180.92290525248592 158.95577260672226 134.370146066751 50.76431969405283 25.390503047399438 
130.0 130.38404810405297 120.0 130.38404810405297 140.0 139.2838827718412 80.0 139.2838827718412 180.0 158.11388300841898 40.0 158.11388300841898 220.0 183.84776310850236 0.0 183.84776310850236 260.0 126.31015294504239 110.80196179219932 110.80196179219932 126.31015294504239 136.54953217422604 149.40868360640889 149.40868360640889 136.54953217422604 125.73075350923496 91.94771545829728 91.94771545829728 125.73075350923496 145.57397562064452 168.9544979513715 168.9544979513715 145.57397562064452 128.30630450994994 73.69862805371618 73.69862805371618 128.30630450994994 156.64478215695536 188.59641506932203 188.59641506932203 156.64478215695536 133.85234219840908 56.64600173004269 56.64600173004269 133.85234219840908 169.36224346648223 208.30566365800044 208.30566365800044 169.36224346648223 142.0238204422061 42.25997601750384 42.25997601750384 142.0238204422061 183.38322053285026 228.06636221284367 228.06636221284367 183.38322053285026 152.39711048769922 34.10424145176081 34.10424145176081 152.39711048769922 198.43144731871507 247.86451800328342 247.86451800328342 198.43144731871507 129.54466837735933 121.71659713038316 102.92633296197819 100.33344958188172 100.33344958188172 102.92633296197819 121.71659713038316 129.54466837735933 137.179229860063 144.17021196141732 158.13332987387574 159.79099193947073 159.79099193947073 158.13332987387574 144.17021196141732 137.179229860063 139.371315449055 121.79977228221735 70.60697223362577 61.28395850465275 61.28395850465275 70.60697223362577 121.79977228221735 139.371315449055 155.4850589928177 169.60231286158808 196.50644907483314 199.610229121656 199.610229121656 196.50644907483314 169.60231286158808 155.4850589928177 158.95577260672226 134.370146066751 50.76431969405283 25.390503047399438 25.390503047399438 50.76431969405283 134.370146066751 158.95577260672226 180.92290525248592 199.86179263180844 235.4210189299163 239.48978609744506 239.48978609744506 235.4210189299163 199.86179263180844 180.92290525248592 
130.0 140.0 130.38404810405297 120.0 130.38404810405297 180.0 139.2838827718412 80.0 139.2838827718412 220.0 158.11388300841898 40.0 158.11388300841898 260.0 183.84776310850236 0.0 183.84776310850236 149.40868360640889 136.54953217422604 126.31015294504239 110.80196179219932 110.80196179219932 126.31015294504239 136.54953217422604 149.40868360640889 168.9544979513715 145.57397562064452 125.73075350923496 91.94771545829728 91.94771545829728 125.73075350923496 145.57397562064452 168.9544979513715 188.59641506932203 156.64478215695536 128.30630450994994 73.69862805371618 73.69862805371618 128.30630450994994 156.64478215695536 188.59641506932203 208.30566365800044 169.36224346648223 133.85234219840908 56.64600173004269 56.64600173004269 133.85234219840908 169.36224346648223 208.30566365800044 228.06636221284367 183.38322053285026 142.0238204422061 42.25997601750384 42.25997601750384 142.0238204422061 183.38322053285026 228.06636221284367 247.86451800328342 198.43144731871507 152.39711048769922 34.10424145176081 34.10424145176081 152.39711048769922 198.43144731871507 247.86451800328342 159.79099193947073 158.13332987387574 144.17021196141732 137.179229860063 129.54466837735933 121.71659713038316 102.92633296197819 100.33344958188172 100.33344958188172 102.92633296197819 121.71659713038316 129.54466837735933 137.179229860063 144.17021196141732 158.13332987387574 159.79099193947073 199.610229121656 196.50644907483314 169.60231286158808 155.4850589928177 139.371315449055 121.79977228221735 70.60697223362577 61.28395850465275 61.28395850465275 70.60697223362577 121.79977228221735 139.371315449055 155.4850589928177 169.60231286158808 196.50644907483314 199.610229121656 239.48978609744506 235.4210189299163 199.86179263180844 180.92290525248592 158.95577260672226 134.370146066751 50.76431969405283 25.390503047399438 25.390503047399438 50.76431969405283 134.370146066751 158.95577260672226 180.92290525248592 199.86179263180844 235.4210189299163 239.48978609744506 
130.0 130.38404810405297 140.0 130.38404810405297 120.0 139.2838827718412 180.0 139.2838827718412 80.0 158.11388300841898 220.0 158.11388300841898 40.0 183.84776310850236 260.0 183.84776310850236 0.0 136.54953217422604 149.40868360640889 149.40868360640889 136.54953217422604 126.31015294504239 110.80196179219932 110.80196179219932 126.31015294504239 145.57397562064452 168.9544979513715 168.9544979513715 145.57397562064452 125.73075350923496 91.94771545829728 91.94771545829728 125.73075350923496 156.64478215695536 188.59641506932203 188.59641506932203 156.64478215695536 128.30630450994994 73.69862805371618 73.69862805371618 128.30630450994994 169.36224346648223 208.30566365800044 208.30566365800044 169.36224346648223 133.85234219840908 56.64600173004269 56.64600173004269 133.85234219840908 183.38322053285026 228.06636221284367 228.06636221284367 183.38322053285026 142.0238204422061 42.25997601750384 42.25997601750384 142.0238204422061 198.43144731871507 247.86451800328342 247.86451800328342 198.43144731871507 152.39711048769922 34.10424145176081 34.10424145176081 152.39711048769922 137.179229860063 144.17021196141732 158.13332987387574 159.79099193947073 159.79099193947073 158.13332987387574 144.17021196141732 137.179229860063 129.54466837735933 121.71659713038316 102.92633296197819 100.33344958188172 100.33344958188172 102.92633296197819 121.71659713038316 129.54466837735933 155.4850589928177 169.60231286158808 196.50644907483314 199.610229121656 199.610229121656 196.50644907483314 169.60231286158808 155.4850589928177 139.371315449055 121.79977228221735 70.60697223362577 61.28395850465275 61.28395850465275 70.60697223362577 121.79977228221735 139.371315449055 180.92290525248592 199.86179263180844 235.4210189299163 239.48978609744506 239.48978609744506 235.4210189299163 199.86179263180844 180.92290525248592 158.95577260672226 134.370146066751 50.76431969405283 25.390503047399438 25.390503047399438 50.76431969405283 134.370146066751 158.95577260672226 
20.000368421606638 10.65995952149913 19.912175596855306 29.77238211833242 24.566943989841306 31.114542210998383 48.8099860376952 69.51197549343567 58.46036894341328 70.87026694601904 86.99617656541005 109.4414671730967 97.11691272378874 110.80196179219932 126.31015294504239 149.40868360640889 136.54953217422604 0.0 20.001222412642683 28.284792274294677 38.638 40.000736843213275 34.64116121032896 28.284792274294677 10.352 19.999661322132432 34.641415632159145 44.72209862025707 58.186761939465235 60.0003981403457 52.91508814128537 44.72100317524195 24.78578150876022 40.000029724988956 52.915900256917105 63.24643471374493 77.96544256271493 80.00076655882744 72.11125105002687 63.24566011988491 43.835086335035314 59.9996910408712 72.11134011374355 82.46285363119566 97.83347356094436 100.00042786408466 91.6515309473879 82.46166545128712 63.4717255870675 80.00005944997791 91.65228233928494 101.9813624639326 117.74689031987215 120.0007962806914 111.35555559557862 101.98040169561993 83.2818734179293 99.99946193855246 111.3554863758405 121.65558907834854 137.6845337138489 140.00019877128744 131.1484033375931 121.65469859401239 103.16451531413308 10.499875046875557 10.50060160181311 23.86390253081 28.996377325452226 33.81423833239483 38.16662940318414 47.455708297316555 49.07817686100412 49.89733768448974 49.897363397277815 45.061332248392304 41.94283950807336 38.16528488037263 33.81298431076441 18.653826899593554 13.832000578368987 50.23839413237648 50.23915955706265 59.962988392841126 65.02710011218399 70.24666939435633 75.27037574637183 86.72696596215043 88.80837753838317 89.86712618638698 89.86759915008301 83.69347975200935 79.82150628120219 75.26886509706387 70.24620320700615 55.48506019641683 52.08712598137854 90.20851802352148 90.20875470263404 99.10369103620712 104.0013904233977 109.20539372210513 114.34366968485837 126.45531810485473 128.7059439497648 129.85564308107675 129.85562119908403 123.20129952642544 119.09565715843713 114.34267246308353 109.20451906858068 94.91656496629025 91.84141089944121 
20.000368421606638 19.912175596855306 10.65995952149913 24.566943989841306 29.77238211833242 48.8099860376952 31.114542210998383 58.46036894341328 69.51197549343567 86.99617656541005 70.87026694601904 97.11691272378874 109.4414671730967 126.31015294504239 110.80196179219932 136.54953217422604 149.40868360640889 20.001222412642683 0.0 10.352 28.284792274294677 34.64116121032896 40.000736843213275 38.638 28.284792274294677 34.641415632159145 19.999661322132432 24.78578150876022 44.72100317524195 52.91508814128537 60.0003981403457 58.186761939465235 44.72209862025707 52.915900256917105 40.000029724988956 43.835086335035314 63.24566011988491 72.11125105002687 80.00076655882744 77.96544256271493 63.24643471374493 72.11134011374355 59.9996910408712 63.4717255870675 82.46166545128712 91.6515309473879 100.00042786408466 97.83347356094436 82.46285363119566 91.65228233928494 80.00005944997791 83.2818734179293 101.98040169561993 111.35555559557862 120.0007962806914 117.74689031987215 101.9813624639326 111.3554863758405 99.99946193855246 103.16451531413308 121.65469859401239 131.1484033375931 140.00019877128744 137.6845337138489 121.65558907834854 28.996377325452226 23.86390253081 10.50060160181311 10.499875046875557 13.832000578368987 18.653826899593554 33.81298431076441 38.16528488037263 41.94283950807336 45.061332248392304 49.897363397277815 49.89733768448974 49.07817686100412 47.455708297316555 38.16662940318414 33.81423833239483 65.02710011218399 59.962988392841126 50.23915955706265 50.23839413237648 52.08712598137854 55.48506019641683 70.24620320700615 75.26886509706387 79.82150628120219 83.69347975200935 89.86759915008301 89.86712618638698 88.80837753838317 86.72696596215043 75.27037574637183 70.24666939435633 104.0013904233977 99.10369103620712 90.20875470263404 90.20851802352148 91.84141089944121 94.91656496629025 109.20451906858068 114.34267246308353 119.09565715843713 123.20129952642544 129.85562119908403 129.85564308107675 128.7059439497648 126.45531810485473 114.34366968485837 109.20539372210513 
