1 ; number of test cases ; for now it is ignored
4 ; number of periods
1 ; number of depots
6 ; number of total vehicles
6  ; number of vehicle per depot
20.0 20.0 20.0 20.0 20.0 20.0  ; Maximum allowable load of each vehicle 
 ; t(total period) lines containg  v (total vehicle) values each referring maximum time limit (route duration) for that day for that vehicle (NEW)
0.0 0.0 0.0 0.0 0.0 0.0 
0.0 0.0 0.0 0.0 0.0 0.0 
0.0 0.0 0.0 0.0 0.0 0.0 
0.0 0.0 0.0 0.0 0.0 0.0 
60 ; number of clients
4 4 4 4 4 4 4 4 4 4 4 4 2 2 2 2 2 2 2 2 2 2 2 2 2 2 2 2 2 2 2 2 2 2 2 2 1 1 1 1 1 1 1 1 1 1 1 1 1 1 1 1 1 1 1 1 1 1 1 1  ; frequency
0.0 0.0 0.0 0.0 0.0 0.0 0.0 0.0 0.0 0.0 0.0 0.0 0.0 0.0 0.0 0.0 0.0 0.0 0.0 0.0 0.0 0.0 0.0 0.0 0.0 0.0 0.0 0.0 0.0 0.0 0.0 0.0 0.0 0.0 0.0 0.0 0.0 0.0 0.0 0.0 0.0 0.0 0.0 0.0 0.0 0.0 0.0 0.0 0.0 0.0 0.0 0.0 0.0 0.0 0.0 0.0 0.0 0.0 0.0 0.0  ; service time for every client 
5.0 5.0 5.0 5.0 5.0 5.0 5.0 5.0 5.0 5.0 5.0 5.0 2.0 2.0 2.0 2.0 2.0 2.0 2.0 2.0 2.0 2.0 2.0 2.0 2.0 2.0 2.0 2.0 2.0 2.0 2.0 2.0 2.0 2.0 2.0 2.0 1.0 1.0 1.0 1.0 1.0 1.0 1.0 1.0 1.0 1.0 1.0 1.0 1.0 1.0 1.0 1.0 1.0 1.0 1.0 1.0 1.0 1.0 1.0 1.0  ; demand for every client 
; COST MATRIX
0.0 10.0 9.999779997579946 9.999779997579946 10.0 9.999779997579946 9.999779997579946 50.0 49.999766009452486 49.999766009452486 50.0 49.999766009452486 49.999766009452486 19.999853624464357 20.000244423506427 20.000000899999982 20.000000899999982 20.000244423506427 19.999853624464357 19.999853624464357 20.000244423506427 20.000000899999982 20.000000899999982 20.000244423506427 19.999853624464357 39.999707248928715 40.00048884701285 40.000343811022425 40.000343811022425 40.00048884701285 39.999707248928715 39.999707248928715 40.00048884701285 40.000343811022425 40.000343811022425 40.00048884701285 39.999707248928715 30.000187016083746 30.000328481535 29.999712298620466 30.000191232723832 29.99997936665957 30.000328481535 30.000328481535 29.99997936665957 30.000191232723832 29.999712298620466 30.000328481535 30.000187016083746 30.000187016083746 30.000328481535 29.999712298620466 30.000191232723832 29.99997936665957 30.000328481535 30.000328481535 29.99997936665957 30.000191232723832 29.999712298620466 30.000328481535 30.000187016083746 
10.0 0.0 9.999779997579946 17.320381058163818 20.0 17.320381058163818 9.999779997579946 40.0 45.825501644826545 55.6774334986806 60.0 55.6774334986806 45.825501644826545 10.299230311047522 15.584921462747253 19.05780774380936 25.23489718623795 27.515991295971876 29.898397030610187 29.898397030610187 27.515991295971876 25.23489718623795 19.05780774380936 15.584921462747253 10.299230311047522 30.201598964293265 34.43543390172396 37.76781043428385 44.42575272294213 47.056127209960664 49.87801700148072 49.87801700148072 47.056127209960664 44.42575272294213 37.76781043428385 34.43543390172396 30.201598964293265 20.057198732624652 20.50511421572677 23.994223013050455 25.60998777820872 27.32066547505752 29.064062155865276 33.98999424830784 35.40591422347402 36.66267139748548 37.73914066324245 39.743926693269756 39.971630201931966 39.971630201931966 39.743926693269756 37.73914066324245 36.66267139748548 35.40591422347402 33.98999424830784 29.064062155865276 27.32066547505752 25.60998777820872 23.994223013050455 20.50511421572677 20.057198732624652 
9.999779997579946 9.999779997579946 0.0 10.0 17.320381058163818 19.999559995159892 17.32 45.825708941597405 39.99998601249756 45.82574474026582 55.677604115119756 59.999546006615745 55.6771543902883 15.584523893914758 10.299789172599603 10.299687179715702 15.584721877531212 19.05795521560485 25.23484465971606 27.51548845650391 29.898580183680966 29.898289516291733 27.51559041707083 25.23499746383978 19.057337300892797 34.43468396834796 30.202570552851952 30.202465876149915 34.4355767339535 37.768177980940514 44.425076927339134 47.05525369180364 49.87859408604056 49.87842484481643 47.05568260051065 44.42560239321466 37.76714047952267 25.609666553862038 23.994697518410188 20.504613578412055 20.05736956831578 20.057190281791716 20.50527612591452 23.99513177709179 25.609976220215437 27.32101890486517 29.06370895119892 33.98978536266447 35.4058613932778 36.66276886706731 37.73970202585071 39.743144037682775 39.97144072960093 39.9712126661176 39.74373244928061 37.739425923031746 36.6622127264572 35.405876263693855 33.98907909902827 29.06415505394919 27.321028915470954 
9.999779997579946 17.320381058163818 10.0 0.0 9.999779997579946 17.32 19.999559995159892 55.677604115119756 45.82574474026582 39.99998601249756 45.825708941597405 55.6771543902883 59.999546006615745 25.23484465971606 19.05795521560485 15.584721877531212 10.299687179715702 10.299789172599603 15.584523893914758 19.057337300892797 25.23499746383978 27.51559041707083 29.898289516291733 29.898580183680966 27.51548845650391 44.425076927339134 37.768177980940514 34.4355767339535 30.202465876149915 30.202570552851952 34.43468396834796 37.76714047952267 44.42560239321466 47.05568260051065 49.87842484481643 49.87859408604056 47.05525369180364 35.4058613932778 33.98978536266447 29.06370895119892 27.32101890486517 25.609976220215437 23.99513177709179 20.50527612591452 20.057190281791716 20.05736956831578 20.504613578412055 23.994697518410188 25.609666553862038 27.321028915470954 29.06415505394919 33.98907909902827 35.405876263693855 36.6622127264572 37.739425923031746 39.74373244928061 39.9712126661176 39.97144072960093 39.743144037682775 37.73970202585071 36.66276886706731 
10.0 20.0 17.320381058163818 9.999779997579946 0.0 9.999779997579946 17.320381058163818 60.0 55.6774334986806 45.825501644826545 40.0 45.825501644826545 55.6774334986806 29.898397030610187 27.515991295971876 25.23489718623795 19.05780774380936 15.584921462747253 10.299230311047522 10.299230311047522 15.584921462747253 19.05780774380936 25.23489718623795 27.515991295971876 29.898397030610187 49.87801700148072 47.056127209960664 44.42575272294213 37.76781043428385 34.43543390172396 30.201598964293265 30.201598964293265 34.43543390172396 37.76781043428385 44.42575272294213 47.056127209960664 49.87801700148072 39.971630201931966 39.743926693269756 37.73914066324245 36.66267139748548 35.40591422347402 33.98999424830784 29.064062155865276 27.32066547505752 25.60998777820872 23.994223013050455 20.50511421572677 20.057198732624652 20.057198732624652 20.50511421572677 23.994223013050455 25.60998777820872 27.32066547505752 29.064062155865276 33.98999424830784 35.40591422347402 36.66267139748548 37.73914066324245 39.743926693269756 39.971630201931966 
9.999779997579946 17.320381058163818 19.999559995159892 17.32 9.999779997579946 0.0 10.0 55.677604115119756 59.999546006615745 55.6771543902883 45.825708941597405 39.99998601249756 45.82574474026582 27.51548845650391 29.898580183680966 29.898289516291733 27.51559041707083 25.23499746383978 19.057337300892797 15.584523893914758 10.299789172599603 10.299687179715702 15.584721877531212 19.05795521560485 25.23484465971606 47.05525369180364 49.87859408604056 49.87842484481643 47.05568260051065 44.42560239321466 37.76714047952267 34.43468396834796 30.202570552851952 30.202465876149915 34.4355767339535 37.768177980940514 44.425076927339134 36.66276886706731 37.73970202585071 39.743144037682775 39.97144072960093 39.9712126661176 39.74373244928061 37.739425923031746 36.6622127264572 35.405876263693855 33.98907909902827 29.06415505394919 27.321028915470954 25.609666553862038 23.994697518410188 20.504613578412055 20.05736956831578 20.057190281791716 20.50527612591452 23.99513177709179 25.609976220215437 27.32101890486517 29.06370895119892 33.98978536266447 35.4058613932778 
9.999779997579946 9.999779997579946 17.32 19.999559995159892 17.320381058163818 10.0 0.0 45.825708941597405 55.6771543902883 59.999546006615745 55.677604115119756 45.82574474026582 39.99998601249756 19.057337300892797 25.23499746383978 27.51559041707083 29.898289516291733 29.898580183680966 27.51548845650391 25.23484465971606 19.05795521560485 15.584721877531212 10.299687179715702 10.299789172599603 15.584523893914758 37.76714047952267 44.42560239321466 47.05568260051065 49.87842484481643 49.87859408604056 47.05525369180364 44.425076927339134 37.768177980940514 34.4355767339535 30.202465876149915 30.202570552851952 34.43468396834796 27.321028915470954 29.06415505394919 33.98907909902827 35.405876263693855 36.6622127264572 37.739425923031746 39.74373244928061 39.9712126661176 39.97144072960093 39.743144037682775 37.73970202585071 36.66276886706731 35.4058613932778 33.98978536266447 29.06370895119892 27.32101890486517 25.609976220215437 23.99513177709179 20.50527612591452 20.057190281791716 20.05736956831578 20.504613578412055 23.994697518410188 25.609666553862038 
50.0 40.0 45.825708941597405 55.677604115119756 60.0 55.677604115119756 45.825708941597405 0.0 49.999766009452486 86.60240528414901 100.0 86.60240528414901 49.999766009452486 30.502362941254237 40.17971847835671 47.07440956613264 59.86651848905196 64.69628874209093 69.7824773492601 69.7824773492601 64.69628874209093 59.86651848905196 47.07440956613264 40.17971847835671 30.502362941254237 12.679770502655003 39.1003722232922 52.267843890866594 73.94678833458556 81.67765366365515 89.66145537520568 89.66145537520568 81.67765366365515 73.94678833458556 52.267843890866594 39.1003722232922 12.679770502655003 20.283274415143136 22.41025901233629 35.758673605154875 40.97940304592052 46.17465497434713 51.220305631653545 64.62599870795034 68.32202252568348 71.5591466830062 74.30533451913126 79.35880360111284 79.92878843695806 79.92878843695806 79.35880360111284 74.30533451913126 71.5591466830062 68.32202252568348 64.62599870795034 51.220305631653545 46.17465497434713 40.97940304592052 35.758673605154875 22.41025901233629 20.283274415143136 
49.999766009452486 45.825501644826545 39.99998601249756 45.82574474026582 55.6774334986806 59.999546006615745 55.6771543902883 49.999766009452486 0.0 50.0 86.60240528414901 99.99953201890497 86.602 40.179621700558606 30.50175627730312 30.50210892708896 40.17933111688148 47.07395390234392 59.86653489220835 64.69574554791065 69.7826312200966 69.78233748592834 64.69601707215058 59.86664864513463 47.07376649472612 39.10007274929294 12.679007256090678 12.679042944954482 39.100615468301775 52.268128194914354 73.94603227354392 81.67674499513309 89.66199971559858 89.6618652605443 81.67710867801334 73.9464278582813 52.26749155067612 40.978330761513455 35.757961071627115 22.410290337253553 20.28284804952204 20.2830861803622 22.40967545503504 35.75882484086971 40.97930679013495 46.17460259709877 51.22031933715368 64.62531841314207 68.32147240802118 71.55943021014072 74.3058600650043 79.35803402932812 79.92860705029209 79.92838757913236 79.35867353982172 74.30544439003107 71.55869717232142 68.32190150310514 64.62505369436842 51.220707140764866 46.17523201890815 
49.999766009452486 55.6774334986806 45.82574474026582 39.99998601249756 45.825501644826545 55.6771543902883 59.999546006615745 86.60240528414901 50.0 0.0 49.999766009452486 86.602 99.99953201890497 59.86653489220835 47.07395390234392 40.17933111688148 30.50210892708896 30.50175627730312 40.179621700558606 47.07376649472612 59.86664864513463 64.69601707215058 69.78233748592834 69.7826312200966 64.69574554791065 73.94603227354392 52.268128194914354 39.100615468301775 12.679042944954482 12.679007256090678 39.10007274929294 52.26749155067612 73.9464278582813 81.67710867801334 89.6618652605443 89.66199971559858 81.67674499513309 68.32147240802118 64.62531841314207 51.22031933715368 46.17460259709877 40.97930679013495 35.75882484086971 22.40967545503504 20.2830861803622 20.28284804952204 22.410290337253553 35.757961071627115 40.978330761513455 46.17523201890815 51.220707140764866 64.62505369436842 68.32190150310514 71.55869717232142 74.30544439003107 79.35867353982172 79.92838757913236 79.92860705029209 79.35803402932812 74.3058600650043 71.55943021014072 
50.0 60.0 55.677604115119756 45.825708941597405 40.0 45.825708941597405 55.677604115119756 100.0 86.60240528414901 49.999766009452486 0.0 49.999766009452486 86.60240528414901 69.7824773492601 64.69628874209093 59.86651848905196 47.07440956613264 40.17971847835671 30.502362941254237 30.502362941254237 40.17971847835671 47.07440956613264 59.86651848905196 64.69628874209093 69.7824773492601 89.66145537520568 81.67765366365515 73.94678833458556 52.267843890866594 39.1003722232922 12.679770502655003 12.679770502655003 39.1003722232922 52.267843890866594 73.94678833458556 81.67765366365515 89.66145537520568 79.92878843695806 79.35880360111284 74.30533451913126 71.5591466830062 68.32202252568348 64.62599870795034 51.220305631653545 46.17465497434713 40.97940304592052 35.758673605154875 22.41025901233629 20.283274415143136 20.283274415143136 22.41025901233629 35.758673605154875 40.97940304592052 46.17465497434713 51.220305631653545 64.62599870795034 68.32202252568348 71.5591466830062 74.30533451913126 79.35880360111284 79.92878843695806 
49.999766009452486 55.6774334986806 59.999546006615745 55.6771543902883 45.825501644826545 39.99998601249756 45.82574474026582 86.60240528414901 99.99953201890497 86.602 49.999766009452486 0.0 50.0 64.69574554791065 69.7826312200966 69.78233748592834 64.69601707215058 59.86664864513463 47.07376649472612 40.179621700558606 30.50175627730312 30.50210892708896 40.17933111688148 47.07395390234392 59.86653489220835 81.67674499513309 89.66199971559858 89.6618652605443 81.67710867801334 73.9464278582813 52.26749155067612 39.10007274929294 12.679007256090678 12.679042944954482 39.100615468301775 52.268128194914354 73.94603227354392 71.55943021014072 74.3058600650043 79.35803402932812 79.92860705029209 79.92838757913236 79.35867353982172 74.30544439003107 71.55869717232142 68.32190150310514 64.62505369436842 51.220707140764866 46.17523201890815 40.978330761513455 35.757961071627115 22.410290337253553 20.28284804952204 20.2830861803622 22.40967545503504 35.75882484086971 40.97930679013495 46.17460259709877 51.22031933715368 64.62531841314207 68.32147240802118 
49.999766009452486 45.825501644826545 55.6771543902883 59.999546006615745 55.6774334986806 45.82574474026582 39.99998601249756 49.999766009452486 86.602 99.99953201890497 86.60240528414901 50.0 0.0 47.07376649472612 59.86664864513463 64.69601707215058 69.78233748592834 69.7826312200966 64.69574554791065 59.86653489220835 47.07395390234392 40.17933111688148 30.50210892708896 30.50175627730312 40.179621700558606 52.26749155067612 73.9464278582813 81.67710867801334 89.6618652605443 89.66199971559858 81.67674499513309 73.94603227354392 52.268128194914354 39.100615468301775 12.679042944954482 12.679007256090678 39.10007274929294 46.17523201890815 51.220707140764866 64.62505369436842 68.32190150310514 71.55869717232142 74.30544439003107 79.35867353982172 79.92838757913236 79.92860705029209 79.35803402932812 74.3058600650043 71.55943021014072 68.32147240802118 64.62531841314207 51.22031933715368 46.17460259709877 40.97930679013495 35.75882484086971 22.40967545503504 20.2830861803622 20.28284804952204 22.410290337253553 35.757961071627115 40.978330761513455 
19.999853624464357 10.299230311047522 15.584523893914758 25.23484465971606 29.898397030610187 27.51548845650391 19.057337300892797 30.502362941254237 40.179621700558606 59.86653489220835 69.7824773492601 64.69574554791065 47.07376649472612 0.0 13.680668989490243 20.00024442350643 30.641350117121146 34.64112884996677 39.392 39.999707248928715 37.587858944079265 34.64070705109813 25.711787666360348 20.000000899999982 6.946 19.999853624464357 27.82708782822953 34.641210284861586 47.72690388030634 52.915413869684514 59.18997780874733 59.99956087339307 56.79541961285259 52.915308276528066 41.49922825788451 34.641383935980386 22.282010165153412 10.226058087063654 10.22627928427539 17.804743441004707 21.24828287179931 24.732305695183374 28.15765945528854 37.478147579622984 40.13214772473559 42.51030243364543 44.58984055813612 48.86286463153793 49.589423146473486 49.954363853421256 49.95448848702187 47.78017242539002 46.35214895773442 44.59034501997041 42.5108682809467 34.574790845354364 31.454674263136155 28.158221268396904 24.73256729496556 14.575601805757456 11.870124009461737 
20.000244423506427 15.584921462747253 10.299789172599603 19.05795521560485 27.515991295971876 29.898580183680966 25.23499746383978 40.17971847835671 30.50175627730312 47.07395390234392 64.69628874209093 69.7826312200966 59.86664864513463 13.680668989490243 0.0 6.946508835379108 19.999853624464354 25.712 34.64112884996677 37.587858944079265 40.00048884701285 39.39245665098839 34.641383935980386 30.642 20.000000899999982 27.82624518327976 20.000244423506427 22.282278025372545 34.6414730922344 41.49968270963044 52.914970745527214 56.795006761158156 60.000733270519284 59.191001427581874 52.915431643330656 47.727079368006585 34.64070705109813 21.24766660130001 17.8048313667948 10.225219459747553 10.225835760464765 11.869319820444641 14.575044768370354 24.733363903844538 28.158225245920598 31.455054999157134 34.5747368030474 42.510900860838035 44.59059317838236 46.35276324017803 47.78124058665702 49.954278265229696 49.95472735387513 49.58967962187294 48.86335070377388 44.59057839947806 42.51036848817003 40.1325555752434 37.477628059950646 28.15816542319474 24.73299407673887 
20.000000899999982 19.05780774380936 10.299687179715702 15.584721877531212 25.23489718623795 29.898289516291733 27.51559041707083 47.07440956613264 30.50210892708896 40.17933111688148 59.86651848905196 69.78233748592834 64.69601707215058 20.00024442350643 6.946508835379108 0.0 13.68 19.999853624464354 30.641350117121146 34.64070705109813 39.39245665098839 40.000001799999964 37.588 34.641383935980386 25.711787666360348 34.641128849966776 22.282896759622613 20.000342922060113 27.826711573594174 34.64112884996677 47.72601940241822 52.91451052405191 59.19079996080472 60.000344707343146 56.79550338715205 52.91569219050243 41.49916028066111 28.15809221165383 24.733173775316423 14.575139450447809 11.869905222873518 10.225944748530573 10.22592201221973 17.805052120114674 21.247761905669027 24.732128294993135 28.157101590895323 37.47756615630209 40.13177191453176 42.51052054491923 44.59046540461313 48.86236647973572 49.58959941358672 49.95425557447533 49.95467955056864 47.78095445886364 46.35224061466717 44.59086061066774 42.51050667776145 34.5755914627646 31.455737107879063 
20.000000899999982 25.23489718623795 15.584721877531212 10.299687179715702 19.05780774380936 27.51559041707083 29.898289516291733 59.86651848905196 40.17933111688148 30.50210892708896 47.07440956613264 64.69601707215058 69.78233748592834 30.641350117121146 19.999853624464354 13.68 0.0 6.946508835379108 20.00024442350643 25.711787666360348 34.641383935980386 37.588 40.000001799999964 39.39245665098839 34.64070705109813 47.72601940241822 34.64112884996677 27.826711573594174 20.000342922060113 22.282896759622613 34.641128849966776 41.49916028066111 52.91569219050243 56.79550338715205 60.000344707343146 59.19079996080472 52.91451052405191 40.13177191453176 37.47756615630209 28.157101590895323 24.732128294993135 21.247761905669027 17.805052120114674 10.22592201221973 10.225944748530573 11.869905222873518 14.575139450447809 24.733173775316423 28.15809221165383 31.455737107879063 34.5755914627646 42.51050667776145 44.59086061066774 46.35224061466717 47.78095445886364 49.95467955056864 49.95425557447533 49.58959941358672 48.86236647973572 44.59046540461313 42.51052054491923 
20.000244423506427 27.515991295971876 19.05795521560485 10.299789172599603 15.584921462747253 25.23499746383978 29.898580183680966 64.69628874209093 47.07395390234392 30.50175627730312 40.17971847835671 59.86664864513463 69.7826312200966 34.64112884996677 25.712 19.999853624464354 6.946508835379108 0.0 13.680668989490243 20.000000899999982 30.642 34.641383935980386 39.39245665098839 40.00048884701285 37.587858944079265 52.914970745527214 41.49968270963044 34.6414730922344 22.282278025372545 20.000244423506427 27.82624518327976 34.64070705109813 47.727079368006585 52.915431643330656 59.191001427581874 60.000733270519284 56.795006761158156 44.59059317838236 42.510900860838035 34.5747368030474 31.455054999157134 28.158225245920598 24.733363903844538 14.575044768370354 11.869319820444641 10.225835760464765 10.225219459747553 17.8048313667948 21.24766660130001 24.73299407673887 28.15816542319474 37.477628059950646 40.1325555752434 42.51036848817003 44.59057839947806 48.86335070377388 49.58967962187294 49.95472735387513 49.954278265229696 47.78124058665702 46.35276324017803 
19.999853624464357 29.898397030610187 25.23484465971606 15.584523893914758 10.299230311047522 19.057337300892797 27.51548845650391 69.7824773492601 59.86653489220835 40.179621700558606 30.502362941254237 47.07376649472612 64.69574554791065 39.392 34.64112884996677 30.641350117121146 20.00024442350643 13.680668989490243 0.0 6.946 20.000000899999982 25.711787666360348 34.64070705109813 37.587858944079265 39.999707248928715 59.18997780874733 52.915413869684514 47.72690388030634 34.641210284861586 27.82708782822953 19.999853624464357 22.282010165153412 34.641383935980386 41.49922825788451 52.915308276528066 56.79541961285259 59.99956087339307 49.589423146473486 48.86286463153793 44.58984055813612 42.51030243364543 40.13214772473559 37.478147579622984 28.15765945528854 24.732305695183374 21.24828287179931 17.804743441004707 10.22627928427539 10.226058087063654 11.870124009461737 14.575601805757456 24.73256729496556 28.158221268396904 31.454674263136155 34.574790845354364 42.5108682809467 44.59034501997041 46.35214895773442 47.78017242539002 49.95448848702187 49.954363853421256 
19.999853624464357 29.898397030610187 27.51548845650391 19.057337300892797 10.299230311047522 15.584523893914758 25.23484465971606 69.7824773492601 64.69574554791065 47.07376649472612 30.502362941254237 40.179621700558606 59.86653489220835 39.999707248928715 37.587858944079265 34.64070705109813 25.711787666360348 20.000000899999982 6.946 0.0 13.680668989490243 20.00024442350643 30.641350117121146 34.64112884996677 39.392 59.99956087339307 56.79541961285259 52.915308276528066 41.49922825788451 34.641383935980386 22.282010165153412 19.999853624464357 27.82708782822953 34.641210284861586 47.72690388030634 52.915413869684514 59.18997780874733 49.954363853421256 49.95448848702187 47.78017242539002 46.35214895773442 44.59034501997041 42.5108682809467 34.574790845354364 31.454674263136155 28.158221268396904 24.73256729496556 14.575601805757456 11.870124009461737 10.226058087063654 10.22627928427539 17.804743441004707 21.24828287179931 24.732305695183374 28.15765945528854 37.478147579622984 40.13214772473559 42.51030243364543 44.58984055813612 48.86286463153793 49.589423146473486 
20.000244423506427 27.515991295971876 29.898580183680966 25.23499746383978 15.584921462747253 10.299789172599603 19.05795521560485 64.69628874209093 69.7826312200966 59.86664864513463 40.17971847835671 30.50175627730312 47.07395390234392 37.587858944079265 40.00048884701285 39.39245665098839 34.641383935980386 30.642 20.000000899999982 13.680668989490243 0.0 6.946508835379108 19.999853624464354 25.712 34.64112884996677 56.795006761158156 60.000733270519284 59.191001427581874 52.915431643330656 47.727079368006585 34.64070705109813 27.82624518327976 20.000244423506427 22.282278025372545 34.6414730922344 41.49968270963044 52.914970745527214 46.35276324017803 47.78124058665702 49.954278265229696 49.95472735387513 49.58967962187294 48.86335070377388 44.59057839947806 42.51036848817003 40.1325555752434 37.477628059950646 28.15816542319474 24.73299407673887 21.24766660130001 17.8048313667948 10.225219459747553 10.225835760464765 11.869319820444641 14.575044768370354 24.733363903844538 28.158225245920598 31.455054999157134 34.5747368030474 42.510900860838035 44.59059317838236 
20.000000899999982 25.23489718623795 29.898289516291733 27.51559041707083 19.05780774380936 10.299687179715702 15.584721877531212 59.86651848905196 69.78233748592834 64.69601707215058 47.07440956613264 30.50210892708896 40.17933111688148 34.64070705109813 39.39245665098839 40.000001799999964 37.588 34.641383935980386 25.711787666360348 20.00024442350643 6.946508835379108 0.0 13.68 19.999853624464354 30.641350117121146 52.91451052405191 59.19079996080472 60.000344707343146 56.79550338715205 52.91569219050243 41.49916028066111 34.641128849966776 22.282896759622613 20.000342922060113 27.826711573594174 34.64112884996677 47.72601940241822 42.51052054491923 44.59046540461313 48.86236647973572 49.58959941358672 49.95425557447533 49.95467955056864 47.78095445886364 46.35224061466717 44.59086061066774 42.51050667776145 34.5755914627646 31.455737107879063 28.15809221165383 24.733173775316423 14.575139450447809 11.869905222873518 10.225944748530573 10.22592201221973 17.805052120114674 21.247761905669027 24.732128294993135 28.157101590895323 37.47756615630209 40.13177191453176 
20.000000899999982 19.05780774380936 27.51559041707083 29.898289516291733 25.23489718623795 15.584721877531212 10.299687179715702 47.07440956613264 64.69601707215058 69.78233748592834 59.86651848905196 40.17933111688148 30.50210892708896 25.711787666360348 34.641383935980386 37.588 40.000001799999964 39.39245665098839 34.64070705109813 30.641350117121146 19.999853624464354 13.68 0.0 6.946508835379108 20.00024442350643 41.49916028066111 52.91569219050243 56.79550338715205 60.000344707343146 59.19079996080472 52.91451052405191 47.72601940241822 34.64112884996677 27.826711573594174 20.000342922060113 22.282896759622613 34.641128849966776 31.455737107879063 34.5755914627646 42.51050667776145 44.59086061066774 46.35224061466717 47.78095445886364 49.95467955056864 49.95425557447533 49.58959941358672 48.86236647973572 44.59046540461313 42.51052054491923 40.13177191453176 37.47756615630209 28.157101590895323 24.732128294993135 21.247761905669027 17.805052120114674 10.22592201221973 10.225944748530573 11.869905222873518 14.575139450447809 24.733173775316423 28.15809221165383 
20.000244423506427 15.584921462747253 25.23499746383978 29.898580183680966 27.515991295971876 19.05795521560485 10.299789172599603 40.17971847835671 59.86664864513463 69.7826312200966 64.69628874209093 47.07395390234392 30.50175627730312 20.000000899999982 30.642 34.641383935980386 39.39245665098839 40.00048884701285 37.587858944079265 34.64112884996677 25.712 19.999853624464354 6.946508835379108 0.0 13.680668989490243 34.64070705109813 47.727079368006585 52.915431643330656 59.191001427581874 60.000733270519284 56.795006761158156 52.914970745527214 41.49968270963044 34.6414730922344 22.282278025372545 20.000244423506427 27.82624518327976 24.73299407673887 28.15816542319474 37.477628059950646 40.1325555752434 42.51036848817003 44.59057839947806 48.86335070377388 49.58967962187294 49.95472735387513 49.954278265229696 47.78124058665702 46.35276324017803 44.59059317838236 42.510900860838035 34.5747368030474 31.455054999157134 28.158225245920598 24.733363903844538 14.575044768370354 11.869319820444641 10.225835760464765 10.225219459747553 17.8048313667948 21.24766660130001 
19.999853624464357 10.299230311047522 19.057337300892797 27.51548845650391 29.898397030610187 25.23484465971606 15.584523893914758 30.502362941254237 47.07376649472612 64.69574554791065 69.7824773492601 59.86653489220835 40.179621700558606 6.946 20.000000899999982 25.711787666360348 34.64070705109813 37.587858944079265 39.999707248928715 39.392 34.64112884996677 30.641350117121146 20.00024442350643 13.680668989490243 0.0 22.282010165153412 34.641383935980386 41.49922825788451 52.915308276528066 56.79541961285259 59.99956087339307 59.18997780874733 52.915413869684514 47.72690388030634 34.641210284861586 27.82708782822953 19.999853624464357 11.870124009461737 14.575601805757456 24.73256729496556 28.158221268396904 31.454674263136155 34.574790845354364 42.5108682809467 44.59034501997041 46.35214895773442 47.78017242539002 49.95448848702187 49.954363853421256 49.589423146473486 48.86286463153793 44.58984055813612 42.51030243364543 40.13214772473559 37.478147579622984 28.15765945528854 24.732305695183374 21.24828287179931 17.804743441004707 10.22627928427539 10.226058087063654 
39.999707248928715 30.201598964293265 34.43468396834796 44.425076927339134 49.87801700148072 47.05525369180364 37.76714047952267 12.679770502655003 39.10007274929294 73.94603227354392 89.66145537520568 81.67674499513309 52.26749155067612 19.999853624464357 27.82624518327976 34.641128849966776 47.72601940241822 52.914970745527214 59.18997780874733 59.99956087339307 56.795006761158156 52.91451052405191 41.49916028066111 34.64070705109813 22.282010165153412 0.0 27.361337978980487 39.999846062203794 61.283566255563166 69.28225769993354 78.784 79.99941449785743 75.17571788815853 69.28218014035066 51.42307533588399 40.000001799999964 13.892 10.446128325843985 10.44615512999879 23.108944804988393 28.336475892390006 33.51661405929901 38.54446981085614 52.0498959941324 55.86741527939162 59.28092814725492 62.261652033976745 68.37490519920303 69.41324689855676 69.93464095139117 69.93475831802095 66.82735447404752 64.78441357301925 62.26224591194892 59.28167022782 47.86231194791994 43.34492581606294 38.54539746843973 33.51723917628062 18.024009459606926 13.48246108839184 
40.00048884701285 34.43543390172396 30.202570552851952 37.768177980940514 47.056127209960664 49.87859408604056 44.42560239321466 39.1003722232922 12.679007256090678 52.268128194914354 81.67765366365515 89.66199971559858 73.9464278582813 27.82708782822953 20.000244423506427 22.282896759622613 34.64112884996677 41.49968270963044 52.915413869684514 56.79541961285259 60.000733270519284 59.19079996080472 52.91569219050243 47.727079368006585 34.641383935980386 27.361337978980487 0.0 13.892151633206428 40.00069205651322 51.424 69.28225769993354 75.17571788815853 80.0009776940257 78.78541330094042 69.28259421384277 61.284 40.000001799999964 28.336107795531834 23.108956813322404 10.447346170200353 10.44717732212869 13.482666576015294 18.023975837755664 33.518329686904146 38.54597371970255 43.345692404205515 47.86294669156925 59.281980643362445 62.262752372505986 64.78553583169627 66.82883920135079 69.93494584254714 69.93538196077863 69.41392829972959 68.37582854342608 62.26266304134445 59.281393792656395 55.86816726902718 52.049803323355604 38.545614601404395 33.517910510650864 
40.000343811022425 37.76781043428385 30.202465876149915 34.4355767339535 44.42575272294213 49.87842484481643 47.05568260051065 52.267843890866594 12.679042944954482 39.100615468301775 73.94678833458556 89.6618652605443 81.67710867801334 34.641210284861586 22.282278025372545 20.000342922060113 27.826711573594174 34.6414730922344 47.72690388030634 52.915308276528066 59.191001427581874 60.000344707343146 56.79550338715205 52.915431643330656 41.49922825788451 39.999846062203794 13.892151633206428 0.0 27.362 40.00069205651322 61.283566255563166 69.28218014035066 78.78541330094042 80.00068762204485 75.176 69.28259421384277 51.42307533588399 38.544944597184205 33.517302069229856 18.024196209540108 13.48224183880411 10.447162533434618 10.446585853761027 23.109803460869156 28.337057027856652 33.517259926789954 38.54519244990223 52.049991450527635 55.867649118250895 59.28207737588149 62.26302988130276 68.37506005116194 69.41402677413262 69.93503649101787 69.93542215501384 66.82837280676524 64.78474923159 62.26292030574859 59.28143575353081 47.863272119653494 43.34608672071794 
40.000343811022425 44.42575272294213 34.4355767339535 30.202465876149915 37.76781043428385 47.05568260051065 49.87842484481643 73.94678833458556 39.100615468301775 12.679042944954482 52.267843890866594 81.67710867801334 89.6618652605443 47.72690388030634 34.6414730922344 27.826711573594174 20.000342922060113 22.282278025372545 34.641210284861586 41.49922825788451 52.915431643330656 56.79550338715205 60.000344707343146 59.191001427581874 52.915308276528066 61.283566255563166 40.00069205651322 27.362 0.0 13.892151633206428 39.999846062203794 51.42307533588399 69.28259421384277 75.176 80.00068762204485 78.78541330094042 69.28218014035066 55.867649118250895 52.049991450527635 38.54519244990223 33.517259926789954 28.337057027856652 23.109803460869156 10.446585853761027 10.447162533434618 13.48224183880411 18.024196209540108 33.517302069229856 38.544944597184205 43.34608672071794 47.863272119653494 59.28143575353081 62.26292030574859 64.78474923159 66.82837280676524 69.93542215501384 69.93503649101787 69.41402677413262 68.37506005116194 62.26302988130276 59.28207737588149 
40.00048884701285 47.056127209960664 37.768177980940514 30.202570552851952 34.43543390172396 44.42560239321466 49.87859408604056 81.67765366365515 52.268128194914354 12.679007256090678 39.1003722232922 73.9464278582813 89.66199971559858 52.915413869684514 41.49968270963044 34.64112884996677 22.282896759622613 20.000244423506427 27.82708782822953 34.641383935980386 47.727079368006585 52.91569219050243 59.19079996080472 60.000733270519284 56.79541961285259 69.28225769993354 51.424 40.00069205651322 13.892151633206428 0.0 27.361337978980487 40.000001799999964 61.284 69.28259421384277 78.78541330094042 80.0009776940257 75.17571788815853 62.262752372505986 59.281980643362445 47.86294669156925 43.345692404205515 38.54597371970255 33.518329686904146 18.023975837755664 13.482666576015294 10.44717732212869 10.447346170200353 23.108956813322404 28.336107795531834 33.517910510650864 38.545614601404395 52.049803323355604 55.86816726902718 59.281393792656395 62.26266304134445 68.37582854342608 69.41392829972959 69.93538196077863 69.93494584254714 66.82883920135079 64.78553583169627 
39.999707248928715 49.87801700148072 44.425076927339134 34.43468396834796 30.201598964293265 37.76714047952267 47.05525369180364 89.66145537520568 73.94603227354392 39.10007274929294 12.679770502655003 52.26749155067612 81.67674499513309 59.18997780874733 52.914970745527214 47.72601940241822 34.641128849966776 27.82624518327976 19.999853624464357 22.282010165153412 34.64070705109813 41.49916028066111 52.91451052405191 56.795006761158156 59.99956087339307 78.784 69.28225769993354 61.283566255563166 39.999846062203794 27.361337978980487 0.0 13.892 40.000001799999964 51.42307533588399 69.28218014035066 75.17571788815853 79.99941449785743 69.41324689855676 68.37490519920303 62.261652033976745 59.28092814725492 55.86741527939162 52.0498959941324 38.54446981085614 33.51661405929901 28.336475892390006 23.108944804988393 10.44615512999879 10.446128325843985 13.48246108839184 18.024009459606926 33.51723917628062 38.54539746843973 43.34492581606294 47.86231194791994 59.28167022782 62.26224591194892 64.78441357301925 66.82735447404752 69.93475831802095 69.93464095139117 
39.999707248928715 49.87801700148072 47.05525369180364 37.76714047952267 30.201598964293265 34.43468396834796 44.425076927339134 89.66145537520568 81.67674499513309 52.26749155067612 12.679770502655003 39.10007274929294 73.94603227354392 59.99956087339307 56.795006761158156 52.91451052405191 41.49916028066111 34.64070705109813 22.282010165153412 19.999853624464357 27.82624518327976 34.641128849966776 47.72601940241822 52.914970745527214 59.18997780874733 79.99941449785743 75.17571788815853 69.28218014035066 51.42307533588399 40.000001799999964 13.892 0.0 27.361337978980487 39.999846062203794 61.283566255563166 69.28225769993354 78.784 69.93464095139117 69.93475831802095 66.82735447404752 64.78441357301925 62.26224591194892 59.28167022782 47.86231194791994 43.34492581606294 38.54539746843973 33.51723917628062 18.024009459606926 13.48246108839184 10.446128325843985 10.44615512999879 23.108944804988393 28.336475892390006 33.51661405929901 38.54446981085614 52.0498959941324 55.86741527939162 59.28092814725492 62.261652033976745 68.37490519920303 69.41324689855676 
40.00048884701285 47.056127209960664 49.87859408604056 44.42560239321466 34.43543390172396 30.202570552851952 37.768177980940514 81.67765366365515 89.66199971559858 73.9464278582813 39.1003722232922 12.679007256090678 52.268128194914354 56.79541961285259 60.000733270519284 59.19079996080472 52.91569219050243 47.727079368006585 34.641383935980386 27.82708782822953 20.000244423506427 22.282896759622613 34.64112884996677 41.49968270963044 52.915413869684514 75.17571788815853 80.0009776940257 78.78541330094042 69.28259421384277 61.284 40.000001799999964 27.361337978980487 0.0 13.892151633206428 40.00069205651322 51.424 69.28225769993354 64.78553583169627 66.82883920135079 69.93494584254714 69.93538196077863 69.41392829972959 68.37582854342608 62.26266304134445 59.281393792656395 55.86816726902718 52.049803323355604 38.545614601404395 33.517910510650864 28.336107795531834 23.108956813322404 10.447346170200353 10.44717732212869 13.482666576015294 18.023975837755664 33.518329686904146 38.54597371970255 43.345692404205515 47.86294669156925 59.281980643362445 62.262752372505986 
40.000343811022425 44.42575272294213 49.87842484481643 47.05568260051065 37.76781043428385 30.202465876149915 34.4355767339535 73.94678833458556 89.6618652605443 81.67710867801334 52.267843890866594 12.679042944954482 39.100615468301775 52.915308276528066 59.191001427581874 60.000344707343146 56.79550338715205 52.915431643330656 41.49922825788451 34.641210284861586 22.282278025372545 20.000342922060113 27.826711573594174 34.6414730922344 47.72690388030634 69.28218014035066 78.78541330094042 80.00068762204485 75.176 69.28259421384277 51.42307533588399 39.999846062203794 13.892151633206428 0.0 27.362 40.00069205651322 61.283566255563166 59.28207737588149 62.26302988130276 68.37506005116194 69.41402677413262 69.93503649101787 69.93542215501384 66.82837280676524 64.78474923159 62.26292030574859 59.28143575353081 47.863272119653494 43.34608672071794 38.544944597184205 33.517302069229856 18.024196209540108 13.48224183880411 10.447162533434618 10.446585853761027 23.109803460869156 28.337057027856652 33.517259926789954 38.54519244990223 52.049991450527635 55.867649118250895 
40.000343811022425 37.76781043428385 47.05568260051065 49.87842484481643 44.42575272294213 34.4355767339535 30.202465876149915 52.267843890866594 81.67710867801334 89.6618652605443 73.94678833458556 39.100615468301775 12.679042944954482 41.49922825788451 52.915431643330656 56.79550338715205 60.000344707343146 59.191001427581874 52.915308276528066 47.72690388030634 34.6414730922344 27.826711573594174 20.000342922060113 22.282278025372545 34.641210284861586 51.42307533588399 69.28259421384277 75.176 80.00068762204485 78.78541330094042 69.28218014035066 61.283566255563166 40.00069205651322 27.362 0.0 13.892151633206428 39.999846062203794 43.34608672071794 47.863272119653494 59.28143575353081 62.26292030574859 64.78474923159 66.82837280676524 69.93542215501384 69.93503649101787 69.41402677413262 68.37506005116194 62.26302988130276 59.28207737588149 55.867649118250895 52.049991450527635 38.54519244990223 33.517259926789954 28.337057027856652 23.109803460869156 10.446585853761027 10.447162533434618 13.48224183880411 18.024196209540108 33.517302069229856 38.544944597184205 
40.00048884701285 34.43543390172396 44.42560239321466 49.87859408604056 47.056127209960664 37.768177980940514 30.202570552851952 39.1003722232922 73.9464278582813 89.66199971559858 81.67765366365515 52.268128194914354 12.679007256090678 34.641383935980386 47.727079368006585 52.91569219050243 59.19079996080472 60.000733270519284 56.79541961285259 52.915413869684514 41.49968270963044 34.64112884996677 22.282896759622613 20.000244423506427 27.82708782822953 40.000001799999964 61.284 69.28259421384277 78.78541330094042 80.0009776940257 75.17571788815853 69.28225769993354 51.424 40.00069205651322 13.892151633206428 0.0 27.361337978980487 33.517910510650864 38.545614601404395 52.049803323355604 55.86816726902718 59.281393792656395 62.26266304134445 68.37582854342608 69.41392829972959 69.93538196077863 69.93494584254714 66.82883920135079 64.78553583169627 62.262752372505986 59.281980643362445 47.86294669156925 43.345692404205515 38.54597371970255 33.518329686904146 18.023975837755664 13.482666576015294 10.44717732212869 10.447346170200353 23.108956813322404 28.336107795531834 
