1 ; number of test cases ; for now it is ignored
6 ; number of periods
1 ; number of depots
3 ; number of total vehicles
3  ; number of vehicle per depot
20.0 20.0 20.0  ; Maximum allowable load of each vehicle 
 ; t(total period) lines containg  v (total vehicle) values each referring maximum time limit (route duration) for that day for that vehicle (NEW)
0.0 0.0 0.0 
0.0 0.0 0.0 
0.0 0.0 0.0 
0.0 0.0 0.0 
0.0 0.0 0.0 
0.0 0.0 0.0 
51 ; number of clients
6 6 6 6 6 6 2 2 2 2 2 2 2 2 2 1 1 1 1 1 1 1 1 1 1 1 1 1 1 1 1 1 1 1 1 1 1 1 1 1 1 1 1 1 1 1 1 1 1 1 1  ; frequency
0.0 0.0 0.0 0.0 0.0 0.0 0.0 0.0 0.0 0.0 0.0 0.0 0.0 0.0 0.0 0.0 0.0 0.0 0.0 0.0 0.0 0.0 0.0 0.0 0.0 0.0 0.0 0.0 0.0 0.0 0.0 0.0 0.0 0.0 0.0 0.0 0.0 0.0 0.0 0.0 0.0 0.0 0.0 0.0 0.0 0.0 0.0 0.0 0.0 0.0 0.0  ; service time for every client 
5.0 5.0 5.0 5.0 5.0 5.0 3.0 3.0 3.0 3.0 3.0 3.0 3.0 3.0 3.0 2.0 2.0 2.0 2.0 2.0 2.0 2.0 2.0 2.0 2.0 2.0 2.0 2.0 2.0 2.0 2.0 2.0 2.0 2.0 2.0 2.0 2.0 2.0 2.0 2.0 2.0 2.0 2.0 2.0 2.0 2.0 2.0 2.0 2.0 2.0 2.0  ; demand for every client 
; COST MATRIX
0.0 57.735 57.73477019093434 57.73477019093434 57.735 57.73477019093434 57.73477019093434 100.0003980442078 100.0 100.0003980442078 100.0003980442078 100.0 100.0003980442078 40.0 39.99998601249755 39.99998601249755 72.72798175393018 80.27477393303577 80.27426582660225 72.72736280795557 80.2749345997865 72.72747159773945 80.2749345997865 72.72747159773945 80.27426582660225 72.72736280795557 72.72798175393018 80.27477393303577 80.27477393303577 72.72798175393018 72.72736280795557 80.27496061039209 72.72747159773945 80.2749345997865 72.72747159773945 80.2749345997865 72.72736280795557 80.27496061039209 80.27477393303577 72.72798175393018 49.73567256004487 44.852125089007764 49.73567256004487 44.852125089007764 44.85232240363926 49.73524731013208 44.85237390595954 49.73493183869864 44.85237390595954 49.73493183869864 44.85232240363926 49.73524731013208 
57.735 0.0 57.73527019075948 99.99953201890497 115.47 99.99953201890497 57.73527019075948 57.73527019075948 115.47004037844621 152.75293203077968 152.75293203077968 115.47004037844621 57.73527019075948 70.23766955843566 94.51627043001645 30.550496493510543 29.4395163852941 29.43917670384143 55.773 44.226 86.79488101264958 86.79442015475419 109.64232453756169 98.54927361477607 128.23395973376162 123.64974717321505 127.9792717005375 136.70433052760254 136.70433052760254 127.9792717005375 123.64974717321505 128.23439466851318 98.54927361477607 109.64232453756169 86.79442015475419 86.79488101264958 44.226 55.774 29.43917670384143 29.4395163852941 65.23605881719098 59.689859859108395 85.77990050122465 84.42278916264257 102.21276539650026 106.63579797610181 93.08753971397032 99.0956005582488 44.99823652100157 42.3538580297002 15.577955257350045 15.577441702667352 
57.73477019093434 57.73527019075948 0.0 57.734 99.99953201890497 115.46954038186868 100.0 57.73599999999999 57.73477019093434 115.47 152.7524824675527 152.7524261313057 115.47054038151896 30.550019459895605 94.51595666341213 70.2377325659079 44.22700501955789 55.774259053796484 29.439581399877273 29.439777512746254 29.439195946900455 29.438516572680765 55.773393029293096 44.22613899042059 86.79420448970082 86.79427100909369 98.54896277992987 109.64177153348079 128.23384134073189 123.64990119284366 127.97830081697442 136.70422626970975 127.9787145192512 136.7043209631649 123.64961082834026 128.23441916271935 98.54897513419407 109.64260348970194 86.79497665763841 86.79532229907323 15.576978461819866 15.577235248913718 42.353740920962345 44.99759293562268 93.08750993554398 99.09533039452465 102.21263410166084 106.63514697321891 84.42307562509198 85.77924981019594 59.690740672234924 65.23582238310482 
57.73477019093434 99.99953201890497 57.734 0.0 57.73527019075948 100.0 115.46954038186868 115.47 57.73477019093434 57.73599999999999 115.47054038151896 152.7524261313057 152.7524824675527 30.550019459895605 70.2377325659079 94.51595666341213 98.54896277992987 109.64177153348079 86.79420448970082 86.79427100909369 55.773393029293096 44.22613899042059 29.439195946900455 29.438516572680765 29.439581399877273 29.439777512746254 44.22700501955789 55.774259053796484 86.79497665763841 86.79532229907323 98.54897513419407 109.64260348970194 123.64961082834026 128.23441916271935 127.9787145192512 136.7043209631649 127.97830081697442 136.70422626970975 128.23384134073189 123.64990119284366 42.353740920962345 44.99759293562268 15.576978461819866 15.577235248913718 59.690740672234924 65.23582238310482 84.42307562509198 85.77924981019594 102.21263410166084 106.63514697321891 93.08750993554398 99.09533039452465 
57.735 115.47 99.99953201890497 57.73527019075948 0.0 57.73527019075948 99.99953201890497 152.75293203077968 115.47004037844621 57.73527019075948 57.73527019075948 115.47004037844621 152.75293203077968 70.23766955843566 30.550496493510543 94.51627043001645 127.9792717005375 136.70433052760254 128.23395973376162 123.64974717321505 109.64232453756169 98.54927361477607 86.79488101264958 86.79442015475419 55.773 44.226 29.4395163852941 29.43917670384143 29.43917670384143 29.4395163852941 44.226 55.774 86.79442015475419 86.79488101264958 98.54927361477607 109.64232453756169 123.64974717321505 128.23439466851318 136.70433052760254 127.9792717005375 85.77990050122465 84.42278916264257 65.23605881719098 59.689859859108395 15.577955257350045 15.577441702667352 44.99823652100157 42.3538580297002 93.08753971397032 99.0956005582488 102.21276539650026 106.63579797610181 
57.73477019093434 99.99953201890497 115.46954038186868 100.0 57.73527019075948 0.0 57.734 152.7524824675527 152.7524261313057 115.47054038151896 57.73599999999999 57.73477019093434 115.47 94.51615570366793 30.550598619339688 70.23721281486047 123.64990119284366 128.23384134073189 136.70345252772512 127.97830081697442 136.7043209631649 127.9787145192512 128.23441916271935 123.64961082834026 109.64163877377973 98.54897513419407 86.79532229907323 86.79497665763841 55.774259053796484 44.22700501955789 29.439777512746254 29.439777512746254 29.438516572680765 29.439195946900455 44.22613899042059 55.773393029293096 86.79427100909369 86.79427100909369 109.64177153348079 98.54896277992987 106.63601347574843 102.21244234436432 99.09612635214356 93.08732597942644 44.997605736305566 42.354604495851454 15.577409861719628 15.578180188969442 59.68938406450514 65.23537820845372 84.42206172559398 85.77927783561717 
57.73477019093434 57.73527019075948 100.0 115.46954038186868 99.99953201890497 57.734 0.0 115.47054038151896 152.7524261313057 152.7524824675527 115.47 57.73477019093434 57.73599999999999 94.51615570366793 70.23721281486047 30.550598619339688 86.79532229907323 86.79497665763841 109.64163877377973 98.54897513419407 128.23441916271935 123.64961082834026 136.7043209631649 127.9787145192512 136.70345252772512 127.97830081697442 123.64990119284366 128.23384134073189 109.64177153348079 98.54896277992987 86.79427100909369 86.79427100909369 44.22613899042059 55.773393029293096 29.438516572680765 29.439195946900455 29.439777512746254 29.439777512746254 55.774259053796484 44.22700501955789 99.09612635214356 93.08732597942644 106.63601347574843 102.21244234436432 84.42206172559398 85.77927783561717 59.68938406450514 65.23537820845372 15.577409861719628 15.578180188969442 44.997605736305566 42.354604495851454 
100.0003980442078 57.73527019075948 57.73599999999999 115.47 152.75293203077968 152.7524824675527 115.47054038151896 0.0 100.0003980442078 173.206 200.0007960884156 173.20531056812317 100.0 87.17843545854674 140.00038405661607 87.17826245114088 29.43917670384143 29.4395163852941 29.43958139987727 29.43977751274625 72.72798175393018 80.27477393303577 109.64273864693456 98.54993728054828 144.45340346630812 144.45344343420822 155.35383082820968 166.12932538537558 178.9456698358471 172.37230854461512 172.37168363742344 178.94579436242697 155.3534361963069 166.12925732091864 144.452896578781 144.45331193849452 98.54897513419407 109.64260348970193 72.72747159773945 80.2749345997865 73.19950361853554 71.60468790519235 100.05931309978097 102.34136083715127 142.9494216917298 148.49587590906353 142.94922307588803 148.49560390126032 102.34133930137908 100.05869142658221 71.60505363450264 73.19920563776631 
100.0 115.47004037844621 57.73477019093434 57.73477019093434 115.47004037844621 152.7524261313057 152.7524261313057 100.0003980442078 0.0 100.0003980442078 173.20531056812317 200.0 173.20531056812317 60.0 124.89995548838277 124.89995548838277 98.54927361477607 109.64232453756169 72.72797091903499 80.27496061039209 29.43917670384143 29.439516385294105 29.43917670384143 29.439516385294105 72.72797091903499 80.27496061039209 98.54927361477607 109.64232453756169 144.452896578781 144.45331193849452 155.35272543795298 166.12907421941532 172.37135819213123 178.94542499041432 172.37135819213123 178.94542499041432 155.35272543795298 166.12907421941532 144.452896578781 144.45331193849452 53.81669931350305 59.90920734745203 53.81669931350305 59.90920734745203 116.40417013578164 122.2104530103706 137.46394234489276 139.96057818185807 137.46394234489276 139.96057818185807 116.40417013578164 122.2104530103706 
100.0003980442078 152.75293203077968 115.47 57.73599999999999 57.73527019075948 115.47054038151896 152.7524824675527 173.206 100.0003980442078 0.0 100.0 173.20531056812317 200.0007960884156 87.17843545854674 87.17826245114088 140.00038405661607 155.35383082820968 166.12932538537558 144.45340346630812 144.45344343420822 109.64273864693456 98.54993728054828 72.72798175393018 80.27477393303577 29.43958139987727 29.43977751274625 29.43917670384143 29.4395163852941 72.72747159773945 80.2749345997865 98.54897513419407 109.64260348970193 144.452896578781 144.45331193849452 155.3534361963069 166.12925732091864 172.37168363742344 178.94579436242697 178.9456698358471 172.37230854461512 100.05931309978097 102.34136083715127 73.19950361853554 71.60468790519235 71.60505363450264 73.19920563776631 102.34133930137908 100.05869142658221 142.94922307588803 148.49560390126032 142.9494216917298 148.49587590906353 
100.0003980442078 152.75293203077968 152.7524824675527 115.47054038151896 57.73527019075948 57.73599999999999 115.47 200.0007960884156 173.20531056812317 100.0 0.0 100.0003980442078 173.206 124.90027865861629 60.00041203191858 124.90039045575477 172.37230854461512 178.9456698358471 178.94520326904546 172.37168363742344 166.12925732091864 155.3534361963069 144.45331193849452 144.452896578781 109.64163877377973 98.54897513419407 80.2749345997865 72.72747159773945 29.4395163852941 29.43917670384143 29.43977751274625 29.43977751274625 80.27477393303577 72.72798175393018 98.54993728054828 109.64273864693456 144.45344343420822 144.45344343420822 166.12932538537558 155.35383082820968 139.9616595286009 137.46401033725155 122.21115877856653 116.40374276628738 59.90896181707708 53.817503713940496 59.90951285063165 53.8176711684926 116.40395344660764 122.211064875485 137.46394859016672 139.9615131455787 
100.0 115.47004037844621 152.7524261313057 152.7524261313057 115.47004037844621 57.73477019093434 57.73477019093434 173.20531056812317 200.0 173.20531056812317 100.0003980442078 0.0 100.0003980442078 140.0 87.17797245290808 87.17797245290808 144.45331193849452 144.452896578781 166.1281365512778 155.35272543795298 178.94542499041432 172.37135819213123 178.94542499041432 172.37135819213123 166.1281365512778 155.35272543795298 144.45331193849452 144.452896578781 109.64232453756169 98.54927361477607 80.27496061039209 72.72736280795557 29.439516385294105 29.43917670384143 29.439516385294105 29.43917670384143 80.27496061039209 72.72736280795557 109.64232453756169 98.54927361477607 148.49591618963802 142.94863806626492 148.49591618963802 142.94863806626492 102.34026981105727 100.0589567455108 71.60401835791062 73.19947708146555 71.60401835791062 73.19947708146555 102.34026981105727 100.0589567455108 
100.0003980442078 57.73527019075948 115.47054038151896 152.7524824675527 152.75293203077968 115.47 57.73599999999999 100.0 173.20531056812317 200.0007960884156 173.206 100.0003980442078 0.0 124.90027865861629 124.90039045575477 60.00041203191858 80.2749345997865 72.72747159773945 109.64163877377973 98.54897513419407 144.45331193849452 144.452896578781 166.12925732091864 155.3534361963069 178.94520326904546 172.37168363742344 172.37230854461512 178.9456698358471 166.12932538537558 155.35383082820968 144.45344343420822 144.45344343420822 98.54993728054828 109.64273864693456 80.27477393303577 72.72798175393018 29.43977751274625 29.43977751274625 29.4395163852941 29.43917670384143 122.21115877856653 116.40374276628738 139.9616595286009 137.46401033725155 137.46394859016672 139.9615131455787 116.40395344660764 122.211064875485 59.90951285063165 53.8176711684926 59.90896181707708 53.817503713940496 
40.0 70.23766955843566 30.550019459895605 30.550019459895605 70.23766955843566 94.51615570366793 94.51615570366793 87.17843545854674 60.0 87.17843545854674 124.90027865861629 140.0 124.90027865861629 0.0 69.28202422706772 69.28202422706772 68.25246757444012 79.21489335977168 59.85079576747498 57.889457598080845 42.58057215444621 33.47006311616397 42.58057215444621 33.47006311616397 59.85079576747498 57.889457598080845 68.25246757444012 79.21489335977168 99.06098793167773 95.50036298360337 102.11439321173093 111.83018063564057 112.50922239976597 119.47813659829148 112.50922239976597 119.47813659829148 102.11439321173093 111.83018063564057 99.06098793167773 95.50036298360337 15.57809760529186 15.57796921938158 15.57809760529186 15.57796921938158 65.01546604462665 71.12183086085453 79.78455643168044 83.18487509758009 79.78455643168044 83.18487509758009 65.01546604462665 71.12183086085453 
39.99998601249755 94.51627043001645 94.51595666341213 70.2377325659079 30.550496493510543 30.550598619339688 70.23721281486047 140.00038405661607 124.89995548838277 87.17826245114088 60.00041203191858 87.17797245290808 124.90039045575477 69.28202422706772 0.0 69.282 112.50973677420102 119.47795139271513 119.47749957628005 112.50913052725987 111.83009610118378 102.11469235129684 99.06118118617404 95.49972574829731 79.21414245575092 68.25182716968095 57.88985708222123 59.85094446205507 42.580459755620296 33.47051766853928 33.46986573023561 42.5806518503416 57.88918394657158 59.85112879470194 68.25225559642699 79.21496319509339 95.49986624074403 99.06111473227021 111.8299640928137 102.1150374283827 83.18563814745909 79.78427410210611 71.12230042680004 65.0148722831938 15.577441702667358 15.577955257350052 15.578180188969442 15.577409861719628 65.01499022533187 71.12178958659575 79.78422602244132 83.18530352171591 
39.99998601249755 30.550496493510543 70.2377325659079 94.51595666341213 94.51627043001645 70.23721281486047 30.550598619339688 87.17826245114088 124.89995548838277 140.00038405661607 124.90039045575477 87.17797245290808 60.00041203191858 69.28202422706772 69.282 0.0 57.88985708222123 59.85094446205507 79.21414245575092 68.25182716968095 99.06118118617404 95.49972574829731 111.83009610118378 102.11469235129684 119.47749957628005 112.50913052725987 112.50973677420102 119.47795139271513 111.8299640928137 102.1150374283827 95.49986624074403 99.06111473227021 68.25225559642699 79.21496319509339 57.88918394657158 59.85112879470194 33.46986573023561 42.5806518503416 42.580459755620296 33.47051766853928 71.12230042680004 65.0148722831938 83.18563814745909 79.78427410210611 79.78422602244132 83.18530352171591 65.01499022533187 71.12178958659575 15.578180188969442 15.577409861719628 15.577441702667358 15.577955257350052 
72.72798175393018 29.4395163852941 44.22700501955789 98.54896277992987 127.9792717005375 123.64990119284366 86.79532229907323 29.43917670384143 98.54927361477607 155.35383082820968 172.37230854461512 144.45331193849452 80.2749345997865 68.25246757444012 112.50973677420102 57.88985708222123 0.0 11.547254045876015 29.438569122836117 18.86698908146183 69.12763720105006 72.72736280795557 100.0003980442078 88.45314400856535 127.97905380178429 125.96813937262073 134.338 144.45344343420822 152.75293203077968 145.45596350786036 144.22653703462478 150.33353630178462 125.96832780107863 136.70485977096791 115.47004037844621 116.0464101168149 72.72747159773945 84.19123040435981 50.99019513592785 55.774 57.33629064562862 53.65528213512627 83.04723721473219 83.81905919896738 116.90241885008197 122.1595508546098 114.3842560363969 120.0665533152343 73.200056864732 71.26297440466543 42.35469802749159 44.45218528936457 
80.27477393303577 29.43917670384143 55.774259053796484 109.64177153348079 136.70433052760254 128.23384134073189 86.79497665763841 29.4395163852941 109.64232453756169 166.12932538537558 178.9456698358471 144.452896578781 72.72747159773945 79.21489335977168 119.47795139271513 59.85094446205507 11.547254045876015 0.0 38.86741509285124 29.43917670384143 80.27496061039209 84.19044022334127 111.54765208196898 100.0003980442078 139.03986772145606 136.70433052760254 144.45344343420822 154.338 160.54954786607155 152.75293203077968 150.33280459367475 155.7737910721826 127.97897751193356 139.04006476192393 116.04554838941475 115.47004037844621 69.12700830355672 80.2749345997865 44.226 50.99019513592785 68.74917672961618 64.89383811272069 94.19767876651737 94.7381423134315 124.9631940412856 129.99712124889535 120.06665325976235 125.91621829216442 74.43340326090161 71.6042479535956 44.45250023339519 44.99747154007655 
80.27426582660225 55.773 29.439581399877273 86.79420448970082 128.23395973376162 136.70345252772512 109.64163877377973 29.43958139987727 72.72797091903499 144.45340346630812 178.94520326904546 166.1281365512778 109.64163877377973 59.85079576747498 119.47749957628005 79.21414245575092 29.438569122836117 38.86741509285124 0.0 11.547000000000004 44.226638997328294 50.99002060207467 80.27504940515452 69.12792605741907 115.47 116.04591379708292 127.97905380178429 139.03986772145606 155.77329107391935 150.33297980150596 152.75182781557805 160.54922643538336 144.45242662205436 154.33745547014826 136.70338546283335 139.03942678607388 99.999 111.547 80.27396434710322 84.19023670236353 44.99741767035082 44.45188636042345 71.60457776567081 74.43317916762658 120.0665533152343 125.91600634152911 124.9626565698729 129.99629848961084 94.73762070582097 94.19633146253626 64.89376322112935 68.74811948700852 
72.72736280795557 44.226 29.439777512746254 86.79427100909369 123.64974717321505 127.97830081697442 98.54897513419407 29.43977751274625 80.27496061039209 144.45344343420822 172.37168363742344 155.35272543795298 98.54897513419407 57.889457598080845 112.50913052725987 68.25182716968095 18.86698908146183 29.43917670384143 11.547000000000004 0.0 50.99048462213318 55.773393029293096 84.19095843378908 72.72798175393018 116.04591379708292 115.47 125.96813937262073 136.70433052760254 150.33280459367475 144.22653703462478 145.45472561591114 152.7524824675527 134.33702945204647 144.452896578781 125.96725575323137 127.9787145192512 88.452 100.0 69.12700830355672 72.72747159773945 44.45201370016886 42.353740920962345 71.26310042371156 73.19950361853554 114.38388355883009 120.06618239121289 116.90172078288668 122.1586424695363 83.81863493281192 83.04604247042721 53.65534547461231 57.335429134174966 
80.2749345997865 86.79488101264958 29.439195946900455 55.773393029293096 109.64232453756169 136.7043209631649 128.23441916271935 72.72798175393018 29.43917670384143 109.64273864693456 166.12925732091864 178.94542499041432 144.45331193849452 42.58057215444621 111.83009610118378 99.06118118617404 69.12763720105006 80.27496061039209 44.226638997328294 50.99048462213318 0.0 11.547254045876018 38.868 29.439777512746257 80.27504940515452 84.19095843378908 100.0003980442078 111.54765208196898 139.04006476192393 136.70485977096791 144.452896578781 154.33832149534348 152.7526151134572 160.549869199573 150.33296378372907 155.774 127.9787145192512 139.0403880964089 115.47004037844621 116.0464101168149 30.59411708155671 35.99693148033593 44.500622737215714 49.95554523774113 106.63654611811093 112.73000177415061 122.21137199131675 125.73948719475517 112.69604473982217 114.49358801260445 89.0862200343016 94.66842626768441 
72.72747159773945 86.79442015475419 29.438516572680765 44.22613899042059 98.54927361477607 127.9787145192512 123.64961082834026 80.27477393303577 29.439516385294105 98.54993728054828 155.3534361963069 172.37135819213123 144.452896578781 33.47006311616397 102.11469235129684 95.49972574829731 72.72736280795557 84.19044022334127 50.99002060207467 55.773393029293096 11.547254045876018 0.0 29.439777512746257 18.868 69.12792605741907 72.72798175393018 88.45314400856535 100.0003980442078 127.97897751193356 125.96832780107863 134.33702945204647 144.45331193849452 145.4549431954789 152.7526151134572 144.226 150.33296378372907 125.96725575323137 136.7043209631649 116.04554838941475 115.47004037844621 24.55400325812473 30.59411708155671 33.31432874905331 38.96687598461031 96.14570869258804 102.21237189303454 113.17350679377219 116.40324498913249 108.27364266523963 110.62657230521064 87.04320152659828 92.89212345511324 
80.2749345997865 109.64232453756169 55.773393029293096 29.439195946900455 86.79488101264958 128.23441916271935 136.7043209631649 109.64273864693456 29.43917670384143 72.72798175393018 144.45331193849452 178.94542499041432 166.12925732091864 42.58057215444621 99.06118118617404 111.83009610118378 100.0003980442078 111.54765208196898 80.27504940515452 84.19095843378908 38.868 29.439777512746257 0.0 11.547254045876018 44.226638997328294 50.99048462213318 69.12763720105006 80.27496061039209 115.47004037844621 116.0464101168149 127.9787145192512 139.0403880964089 150.33296378372907 155.774 152.7526151134572 160.549869199573 144.452896578781 154.33832149534348 139.04006476192393 136.70485977096791 44.500622737215714 49.95554523774113 30.59411708155671 35.99693148033593 89.0862200343016 94.66842626768441 112.69604473982217 114.49358801260445 122.21137199131675 125.73948719475517 106.63654611811093 112.73000177415061 
72.72747159773945 98.54927361477607 44.22613899042059 29.438516572680765 86.79442015475419 123.64961082834026 127.9787145192512 98.54993728054828 29.439516385294105 80.27477393303577 144.452896578781 172.37135819213123 155.3534361963069 33.47006311616397 95.49972574829731 102.11469235129684 88.45314400856535 100.0003980442078 69.12792605741907 72.72798175393018 29.439777512746257 18.868 11.547254045876018 0.0 50.99002060207467 55.773393029293096 72.72736280795557 84.19044022334127 116.04554838941475 115.47004037844621 125.96725575323137 136.7043209631649 144.226 150.33296378372907 145.4549431954789 152.7526151134572 134.33702945204647 144.45331193849452 127.97897751193356 125.96832780107863 33.31432874905331 38.96687598461031 24.55400325812473 30.59411708155671 87.04320152659828 92.89212345511324 108.27364266523963 110.62657230521064 113.17350679377219 116.40324498913249 96.14570869258804 102.21237189303454 
80.27426582660225 128.23395973376162 86.79420448970082 29.439581399877273 55.773 109.64163877377973 136.70345252772512 144.45340346630812 72.72797091903499 29.43958139987727 109.64163877377973 166.1281365512778 178.94520326904546 59.85079576747498 79.21414245575092 119.47749957628005 127.97905380178429 139.03986772145606 115.47 116.04591379708292 80.27504940515452 69.12792605741907 44.226638997328294 50.99002060207467 0.0 11.547000000000004 29.438569122836117 38.86741509285124 80.27396434710322 84.19023670236353 99.999 111.547 136.70338546283335 139.03942678607388 144.45242662205436 154.33745547014826 152.75182781557805 160.54922643538336 155.77329107391935 150.33297980150596 71.60457776567081 74.43317916762658 44.99741767035082 44.45188636042345 64.89376322112935 68.74811948700852 94.73762070582097 94.19633146253626 124.9626565698729 129.99629848961084 120.0665533152343 125.91600634152911 
72.72736280795557 123.64974717321505 86.79427100909369 29.439777512746254 44.226 98.54897513419407 127.97830081697442 144.45344343420822 80.27496061039209 29.43977751274625 98.54897513419407 155.35272543795298 172.37168363742344 57.889457598080845 68.25182716968095 112.50913052725987 125.96813937262073 136.70433052760254 116.04591379708292 115.47 84.19095843378908 72.72798175393018 50.99048462213318 55.773393029293096 11.547000000000004 0.0 18.86698908146183 29.43917670384143 69.12700830355672 72.72747159773945 88.452 100.0 125.96725575323137 127.9787145192512 134.33702945204647 144.452896578781 145.45472561591114 152.7524824675527 150.33280459367475 144.22653703462478 71.26310042371156 73.19950361853554 44.45201370016886 42.353740920962345 53.65534547461231 57.335429134174966 83.81863493281192 83.04604247042721 116.90172078288668 122.1586424695363 114.38388355883009 120.06618239121289 
72.72798175393018 127.9792717005375 98.54896277992987 44.22700501955789 29.4395163852941 86.79532229907323 123.64990119284366 155.35383082820968 98.54927361477607 29.43917670384143 80.2749345997865 144.45331193849452 172.37230854461512 68.25246757444012 57.88985708222123 112.50973677420102 134.338 144.45344343420822 127.97905380178429 125.96813937262073 100.0003980442078 88.45314400856535 69.12763720105006 72.72736280795557 29.438569122836117 18.86698908146183 0.0 11.547254045876015 50.99019513592785 55.774 72.72747159773945 84.19123040435981 115.47004037844621 116.0464101168149 125.96832780107863 136.70485977096791 144.22653703462478 150.33353630178462 152.75293203077968 145.45596350786036 83.04723721473219 83.81905919896738 57.33629064562862 53.65528213512627 42.35469802749159 44.45218528936457 73.200056864732 71.26297440466543 114.3842560363969 120.0665533152343 116.90241885008197 122.1595508546098 
80.27477393303577 136.70433052760254 109.64177153348079 55.774259053796484 29.43917670384143 86.79497665763841 128.23384134073189 166.12932538537558 109.64232453756169 29.4395163852941 72.72747159773945 144.452896578781 178.9456698358471 79.21489335977168 59.85094446205507 119.47795139271513 144.45344343420822 154.338 139.03986772145606 136.70433052760254 111.54765208196898 100.0003980442078 80.27496061039209 84.19044022334127 38.86741509285124 29.43917670384143 11.547254045876015 0.0 44.226 50.99019513592785 69.12700830355672 80.2749345997865 116.04554838941475 115.47004037844621 127.97897751193356 139.04006476192393 150.33280459367475 155.7737910721826 160.54954786607155 152.75293203077968 94.19767876651737 94.7381423134315 68.74917672961618 64.89383811272069 44.45250023339519 44.99747154007655 74.43340326090161 71.6042479535956 120.06665325976235 125.91621829216442 124.9631940412856 129.99712124889535 
80.27477393303577 136.70433052760254 128.23384134073189 86.79497665763841 29.43917670384143 55.774259053796484 109.64177153348079 178.9456698358471 144.452896578781 72.72747159773945 29.4395163852941 109.64232453756169 166.12932538537558 99.06098793167773 42.580459755620296 111.8299640928137 152.75293203077968 160.54954786607155 155.77329107391935 150.33280459367475 139.04006476192393 127.97897751193356 115.47004037844621 116.04554838941475 80.27396434710322 69.12700830355672 50.99019513592785 44.226 0.0 11.547254045876015 29.43917670384143 38.868281117126855 84.19044022334127 80.27496061039209 100.0003980442078 111.54765208196898 136.70433052760254 139.0401098136793 154.338 144.45344343420822 114.49412041236003 112.69558414152704 94.66863379705022 89.08529228217192 35.99639488893297 30.59439126702801 49.955463414925894 44.5006912418223 106.63591341100802 112.72993047545094 122.21094686238217 125.73979427770668 
72.72798175393018 127.9792717005375 123.64990119284366 86.79532229907323 29.4395163852941 44.22700501955789 98.54896277992987 172.37230854461512 144.45331193849452 80.2749345997865 29.43917670384143 98.54927361477607 155.35383082820968 95.50036298360337 33.47051766853928 102.1150374283827 145.45596350786036 152.75293203077968 150.33297980150596 144.22653703462478 136.70485977096791 125.96832780107863 116.0464101168149 115.47004037844621 84.19023670236353 72.72747159773945 55.774 50.99019513592785 11.547254045876015 0.0 18.86698908146183 29.4395163852941 72.72736280795557 69.12763720105006 88.45314400856535 100.0003980442078 125.96813937262073 127.9792717005375 144.45344343420822 134.338 110.6279471245851 108.27398398969163 92.89321450461277 87.04315151119013 30.594195152021893 24.5550900018713 38.96705686859092 33.31468632600343 96.14541707746658 102.21269015635974 113.17358289371244 116.40408726930511 
72.72736280795557 123.64974717321505 127.97830081697442 98.54897513419407 44.226 29.439777512746254 86.79427100909369 172.37168363742344 155.35272543795298 98.54897513419407 29.43977751274625 80.27496061039209 144.45344343420822 102.11439321173093 33.46986573023561 95.49986624074403 144.22653703462478 150.33280459367475 152.75182781557805 145.45472561591114 144.452896578781 134.33702945204647 127.9787145192512 125.96725575323137 99.999 88.452 72.72747159773945 69.12700830355672 29.43917670384143 18.86698908146183 0.0 11.548000000000002 55.773393029293096 50.99048462213318 72.72798175393018 84.19095843378908 115.47 116.04601330506792 136.70433052760254 125.96813937262073 116.40374276628738 113.17298918911703 102.21244234436432 96.14466975345019 38.96572126882806 33.314262681320145 30.594070830799875 24.55466477067036 87.0427821820971 92.8925202693952 108.27328458119298 110.62719746066064 
80.27496061039209 128.23439466851318 136.70422626970975 109.64260348970194 55.774 29.439777512746254 86.79427100909369 178.94579436242697 166.12907421941532 109.64260348970193 29.43977751274625 72.72736280795557 144.45344343420822 111.83018063564057 42.5806518503416 99.06111473227021 150.33353630178462 155.7737910721826 160.54922643538336 152.7524824675527 154.33832149534348 144.45331193849452 139.0403880964089 136.7043209631649 111.547 100.0 84.19123040435981 80.2749345997865 38.868281117126855 29.4395163852941 11.548000000000002 0.0 50.9897001560119 44.22613899042059 69.12768969089015 80.27477393303577 116.04601330506792 115.47 139.0401098136793 127.9792717005375 125.7403256000238 122.21115877856653 112.73057048556083 106.63601347574843 49.95494067657372 44.50113969327078 35.996715989101006 30.59485528646933 89.08542148971402 94.66854773365863 112.69548712348688 114.49405291979143 
72.72747159773945 98.54927361477607 127.9787145192512 123.64961082834026 86.79442015475419 29.438516572680765 44.22613899042059 155.3534361963069 172.37135819213123 144.452896578781 80.27477393303577 29.439516385294105 98.54993728054828 112.50922239976597 57.88918394657158 68.25225559642699 125.96832780107863 127.97897751193356 144.45242662205436 134.33702945204647 152.7526151134572 145.4549431954789 150.33296378372907 144.226 136.70338546283335 125.96725575323137 115.47004037844621 116.04554838941475 84.19044022334127 72.72736280795557 55.773393029293096 50.9897001560119 0.0 11.547254045876018 18.868 29.439777512746257 72.72798175393018 69.12768969089015 100.0003980442078 88.45314400856535 122.15950811950742 116.90165311063825 120.06664815842908 114.38347378883017 73.19859698108974 71.26282994661382 42.35325843426926 44.452015657335494 53.65500390457538 57.336364028424406 83.81833312587408 83.04705473404822 
80.2749345997865 109.64232453756169 136.7043209631649 128.23441916271935 86.79488101264958 29.439195946900455 55.773393029293096 166.12925732091864 178.94542499041432 144.45331193849452 72.72798175393018 29.43917670384143 109.64273864693456 119.47813659829148 59.85112879470194 79.21496319509339 136.70485977096791 139.04006476192393 154.33745547014826 144.452896578781 160.549869199573 152.7526151134572 155.774 150.33296378372907 139.03942678607388 127.9787145192512 116.0464101168149 115.47004037844621 80.27496061039209 69.12763720105006 50.99048462213318 44.22613899042059 11.547254045876018 0.0 29.439777512746257 38.868 84.19095843378908 80.27477393303577 111.54765208196898 100.0003980442078 129.99770959520788 124.96310425081477 125.91703250950604 120.06664815842908 74.43278129963974 71.6049341875265 44.452015657335494 44.99820551977601 64.8937796710902 68.74936686253918 94.7377290207022 94.19771211659018 
72.72747159773945 86.79442015475419 123.64961082834026 127.9787145192512 98.54927361477607 44.22613899042059 29.438516572680765 144.452896578781 172.37135819213123 155.3534361963069 98.54993728054828 29.439516385294105 80.27477393303577 112.50922239976597 68.25225559642699 57.88918394657158 115.47004037844621 116.04554838941475 136.70338546283335 125.96725575323137 150.33296378372907 144.226 152.7526151134572 145.4549431954789 144.45242662205436 134.33702945204647 125.96832780107863 127.97897751193356 100.0003980442078 88.45314400856535 72.72798175393018 69.12768969089015 18.868 29.439777512746257 0.0 11.547254045876018 55.773393029293096 50.9897001560119 84.19044022334127 72.72736280795557 120.06664815842908 114.38347378883017 122.15950811950742 116.90165311063825 83.81833312587408 83.04705473404822 53.65500390457538 57.336364028424406 42.35325843426926 44.452015657335494 73.19859698108974 71.26282994661382 
80.2749345997865 86.79488101264958 128.23441916271935 136.7043209631649 109.64232453756169 55.773393029293096 29.439195946900455 144.45331193849452 178.94542499041432 166.12925732091864 109.64273864693456 29.43917670384143 72.72798175393018 119.47813659829148 79.21496319509339 59.85112879470194 116.0464101168149 115.47004037844621 139.03942678607388 127.9787145192512 155.774 150.33296378372907 160.549869199573 152.7526151134572 154.33745547014826 144.452896578781 136.70485977096791 139.04006476192393 111.54765208196898 100.0003980442078 84.19095843378908 80.27477393303577 29.439777512746257 38.868 11.547254045876018 0.0 50.99048462213318 44.22613899042059 80.27496061039209 69.12763720105006 125.91703250950604 120.06664815842908 129.99770959520788 124.96310425081477 94.7377290207022 94.19771211659018 64.8937796710902 68.74936686253918 44.452015657335494 44.99820551977601 74.43278129963974 71.6049341875265 
72.72736280795557 44.226 98.54897513419407 127.97830081697442 123.64974717321505 86.79427100909369 29.439777512746254 98.54897513419407 155.35272543795298 172.37168363742344 144.45344343420822 80.27496061039209 29.43977751274625 102.11439321173093 95.49986624074403 33.46986573023561 72.72747159773945 69.12700830355672 99.999 88.452 127.9787145192512 125.96725575323137 144.452896578781 134.33702945204647 152.75182781557805 145.45472561591114 144.22653703462478 150.33280459367475 136.70433052760254 125.96813937262073 115.47 116.04601330506792 72.72798175393018 84.19095843378908 55.773393029293096 50.99048462213318 0.0 11.548000000000002 29.43917670384143 18.86698908146183 102.21244234436432 96.14466975345019 116.40374276628738 113.17298918911703 108.27328458119298 110.62719746066064 87.0427821820971 92.8925202693952 30.594070830799875 24.55466477067036 38.96572126882806 33.314262681320145 
80.27496061039209 55.774 109.64260348970194 136.70422626970975 128.23439466851318 86.79427100909369 29.439777512746254 109.64260348970193 166.12907421941532 178.94579436242697 144.45344343420822 72.72736280795557 29.43977751274625 111.83018063564057 99.06111473227021 42.5806518503416 84.19123040435981 80.2749345997865 111.547 100.0 139.0403880964089 136.7043209631649 154.33832149534348 144.45331193849452 160.54922643538336 152.7524824675527 150.33353630178462 155.7737910721826 139.0401098136793 127.9792717005375 116.04601330506792 115.47 69.12768969089015 80.27477393303577 50.9897001560119 44.22613899042059 11.548000000000002 0.0 38.868281117126855 29.4395163852941 112.73057048556083 106.63601347574843 125.7403256000238 122.21115877856653 112.69548712348688 114.49405291979143 89.08542148971402 94.66854773365863 35.996715989101006 30.59485528646933 49.95494067657372 44.50113969327078 
80.27477393303577 29.43917670384143 86.79497665763841 128.23384134073189 136.70433052760254 109.64177153348079 55.774259053796484 72.72747159773945 144.452896578781 178.9456698358471 166.12932538537558 109.64232453756169 29.4395163852941 99.06098793167773 111.8299640928137 42.580459755620296 50.99019513592785 44.226 80.27396434710322 69.12700830355672 115.47004037844621 116.04554838941475 139.04006476192393 127.97897751193356 155.77329107391935 150.33280459367475 152.75293203077968 160.54954786607155 154.338 144.45344343420822 136.70433052760254 139.0401098136793 100.0003980442078 111.54765208196898 84.19044022334127 80.27496061039209 29.43917670384143 38.868281117126855 0.0 11.547254045876015 94.66863379705022 89.08529228217192 114.49412041236003 112.69558414152704 122.21094686238217 125.73979427770668 106.63591341100802 112.72993047545094 49.955463414925894 44.5006912418223 35.99639488893297 30.59439126702801 
72.72798175393018 29.4395163852941 86.79532229907323 123.64990119284366 127.9792717005375 98.54896277992987 44.22700501955789 80.2749345997865 144.45331193849452 172.37230854461512 155.35383082820968 98.54927361477607 29.43917670384143 95.50036298360337 102.1150374283827 33.47051766853928 55.774 50.99019513592785 84.19023670236353 72.72747159773945 116.0464101168149 115.47004037844621 136.70485977096791 125.96832780107863 150.33297980150596 144.22653703462478 145.45596350786036 152.75293203077968 144.45344343420822 134.338 125.96813937262073 127.9792717005375 88.45314400856535 100.0003980442078 72.72736280795557 69.12763720105006 18.86698908146183 29.4395163852941 11.547254045876015 0.0 92.89321450461277 87.04315151119013 110.6279471245851 108.27398398969163 113.17358289371244 116.40408726930511 96.14541707746658 102.21269015635974 38.96705686859092 33.31468632600343 30.594195152021893 24.5550900018713 
49.73567256004487 65.23605881719098 15.576978461819866 42.353740920962345 85.77990050122465 106.63601347574843 99.09612635214356 73.19950361853554 53.81669931350305 100.05931309978097 139.9616595286009 148.49591618963802 122.21115877856653 15.57809760529186 83.18563814745909 71.12230042680004 57.33629064562862 68.74917672961618 44.99741767035082 44.45201370016886 30.59411708155671 24.55400325812473 44.500622737215714 33.31432874905331 71.60457776567081 71.26310042371156 83.04723721473219 94.19767876651737 114.49412041236003 110.6279471245851 116.40374276628738 125.7403256000238 122.15950811950742 129.99770959520788 120.06664815842908 125.91703250950604 102.21244234436432 112.73057048556083 94.66863379705022 92.89321450461277 0.0 6.110570840764389 26.868 29.439777512746254 80.05753536051432 86.14423544265745 92.49196421311422 96.37594430146974 83.72358389366762 86.14395913817754 63.51946630758165 69.50826520637672 
44.852125089007764 59.689859859108395 15.577235248913718 44.99759293562268 84.42278916264257 102.21244234436432 93.08732597942644 71.60468790519235 59.90920734745203 102.34136083715127 137.46401033725155 142.94863806626492 116.40374276628738 15.57796921938158 79.78427410210611 65.0148722831938 53.65528213512627 64.89383811272069 44.45188636042345 42.353740920962345 35.99693148033593 30.59411708155671 49.95554523774113 38.96687598461031 74.43317916762658 73.19950361853554 83.81905919896738 94.7381423134315 112.69558414152704 108.27398398969163 113.17298918911703 122.21115877856653 116.90165311063825 124.96310425081477 114.38347378883017 120.06664815842908 96.14466975345019 106.63601347574843 89.08529228217192 87.04315151119013 6.110570840764389 0.0 29.439777512746254 30.868 77.68668676163247 83.72283420907345 88.37612030407308 92.49092627928428 77.68643186554523 80.05622087008604 57.508529210891844 63.5183327866845 
