1 ; number of test cases ; for now it is ignored
6 ; number of periods
1 ; number of depots
6 ; number of total vehicles
6  ; number of vehicle per depot
20.0 20.0 20.0 20.0 20.0 20.0  ; Maximum allowable load of each vehicle 
 ; t(total period) lines containg  v (total vehicle) values each referring maximum time limit (route duration) for that day for that vehicle (NEW)
0.0 0.0 0.0 0.0 0.0 0.0 
0.0 0.0 0.0 0.0 0.0 0.0 
0.0 0.0 0.0 0.0 0.0 0.0 
0.0 0.0 0.0 0.0 0.0 0.0 
0.0 0.0 0.0 0.0 0.0 0.0 
0.0 0.0 0.0 0.0 0.0 0.0 
102 ; number of clients
6 6 6 6 6 6 6 6 6 6 6 6 2 2 2 2 2 2 2 2 2 2 2 2 2 2 2 2 2 2 1 1 1 1 1 1 1 1 1 1 1 1 1 1 1 1 1 1 1 1 1 1 1 1 1 1 1 1 1 1 1 1 1 1 1 1 1 1 1 1 1 1 1 1 1 1 1 1 1 1 1 1 1 1 1 1 1 1 1 1 1 1 1 1 1 1 1 1 1 1 1 1  ; frequency
0.0 0.0 0.0 0.0 0.0 0.0 0.0 0.0 0.0 0.0 0.0 0.0 0.0 0.0 0.0 0.0 0.0 0.0 0.0 0.0 0.0 0.0 0.0 0.0 0.0 0.0 0.0 0.0 0.0 0.0 0.0 0.0 0.0 0.0 0.0 0.0 0.0 0.0 0.0 0.0 0.0 0.0 0.0 0.0 0.0 0.0 0.0 0.0 0.0 0.0 0.0 0.0 0.0 0.0 0.0 0.0 0.0 0.0 0.0 0.0 0.0 0.0 0.0 0.0 0.0 0.0 0.0 0.0 0.0 0.0 0.0 0.0 0.0 0.0 0.0 0.0 0.0 0.0 0.0 0.0 0.0 0.0 0.0 0.0 0.0 0.0 0.0 0.0 0.0 0.0 0.0 0.0 0.0 0.0 0.0 0.0 0.0 0.0 0.0 0.0 0.0 0.0  ; service time for every client 
5.0 5.0 5.0 5.0 5.0 5.0 5.0 5.0 5.0 5.0 5.0 5.0 3.0 3.0 3.0 3.0 3.0 3.0 3.0 3.0 3.0 3.0 3.0 3.0 3.0 3.0 3.0 3.0 3.0 3.0 2.0 2.0 2.0 2.0 2.0 2.0 2.0 2.0 2.0 2.0 2.0 2.0 2.0 2.0 2.0 2.0 2.0 2.0 2.0 2.0 2.0 2.0 2.0 2.0 2.0 2.0 2.0 2.0 2.0 2.0 2.0 2.0 2.0 2.0 2.0 2.0 2.0 2.0 2.0 2.0 2.0 2.0 2.0 2.0 2.0 2.0 2.0 2.0 2.0 2.0 2.0 2.0 2.0 2.0 2.0 2.0 2.0 2.0 2.0 2.0 2.0 2.0 2.0 2.0 2.0 2.0 2.0 2.0 2.0 2.0 2.0 2.0  ; demand for every client 
; COST MATRIX
0.0 57.735 57.73477019093434 57.73477019093434 57.735 57.73477019093434 57.73477019093434 288.675 288.6748509465277 288.6748509465277 288.675 288.6748509465277 288.6748509465277 100.0003980442078 100.0 100.0003980442078 100.0003980442078 100.0 100.0003980442078 40.0 39.99998601249755 39.99998601249755 500.0002581689333 500.0 500.0002581689333 500.0002581689333 500.0 500.0002581689333 200.0 199.99993006248778 199.99993006248778 72.72798175393018 80.27477393303577 80.27426582660225 72.72736280795557 80.2749345997865 72.72747159773945 80.2749345997865 72.72747159773945 80.27426582660225 72.72736280795557 72.72798175393018 80.27477393303577 80.27477393303577 72.72798175393018 72.72736280795557 80.27496061039209 72.72747159773945 80.2749345997865 72.72747159773945 80.2749345997865 72.72736280795557 80.27496061039209 80.27477393303577 72.72798175393018 49.73567256004487 44.852125089007764 49.73567256004487 44.852125089007764 44.85232240363926 49.73524731013208 44.85237390595954 49.73493183869864 44.85237390595954 49.73493183869864 44.85232240363926 49.73524731013208 363.6386017627941 401.3731838227362 401.3727186967246 363.6380302567376 401.3734606535415 363.6382198243193 401.3734606535415 363.6382198243193 401.3727186967246 363.6380302567376 363.6386017627941 401.3731838227362 401.3731838227362 363.6386017627941 363.6380302567376 401.3727186967246 363.6382198243193 401.3734606535415 363.6382198243193 401.3734606535415 363.6380302567376 401.3727186967246 401.3731838227362 363.6386017627941 248.67712986320234 224.2612202700235 248.67712986320234 224.2612202700235 224.26126907917023 248.6767315391611 224.26097567343277 248.67678864341158 224.26097567343277 248.67678864341158 224.26126907917023 248.6767315391611 
57.735 0.0 57.73527019075948 99.99953201890497 115.47 99.99953201890497 57.73527019075948 230.94 264.5749542265858 321.4546518313275 346.41 321.4546518313275 264.5749542265858 57.73527019075948 115.47004037844621 152.75293203077968 152.75293203077968 115.47004037844621 57.73527019075948 70.23766955843566 94.51627043001645 30.550496493510543 450.92524578249106 503.3222925969006 550.757296369281 550.757296369281 503.3222925969006 450.92524578249106 208.16659248063797 251.6610490322251 152.75248246755274 29.4395163852941 29.43917670384143 55.773 44.226 86.79488101264958 86.79442015475419 109.64232453756169 98.54927361477607 128.23395973376162 123.64974717321505 127.9792717005375 136.70433052760254 136.70433052760254 127.9792717005375 123.64974717321505 128.23439466851318 98.54927361477607 109.64232453756169 86.79442015475419 86.79488101264958 44.226 55.774 29.43917670384143 29.4395163852941 65.23605881719098 59.689859859108395 85.77990050122465 84.42278916264257 102.21276539650026 106.63579797610181 93.08753971397032 99.0956005582488 44.99823652100157 42.3538580297002 15.577955257350045 15.577441702667352 311.10521730919265 346.2374275508065 362.07746034377783 319.7384009217535 391.4254471952482 360.72077942918673 419.11107068651864 375.51656364533375 444.709671346374 410.9735387150857 417.5479249104227 457.1511452430148 457.1511452430148 417.5479249104227 410.9735387150857 444.709671346374 375.51656364533375 419.11107068651864 360.72077942918673 391.4254471952482 319.7384009217535 362.07746034377783 346.2374275508065 311.10521730919265 239.61978364066684 211.46092005852995 270.0549010331047 250.07424811843381 281.3154614200933 304.95046947660205 265.00481656943515 291.9568680558825 192.41901690061715 212.3867652774061 167.67380604614422 193.2669274190491 
57.73477019093434 57.73527019075948 0.0 57.734 99.99953201890497 115.46954038186868 100.0 264.57550314418756 230.94008075689243 264.5744235862567 321.45438519951784 346.409621136596 321.45500602728214 57.73599999999999 57.73477019093434 115.47 152.7524824675527 152.7524261313057 115.47054038151896 30.550019459895605 94.51595666341213 70.2377325659079 450.9257026562136 450.92494241170556 503.3220980644502 550.7568741286848 550.7570278162594 503.3229473369955 152.7524261313057 251.66067071356224 208.16689997211375 44.22700501955789 55.774259053796484 29.439581399877273 29.439777512746254 29.439195946900455 29.438516572680765 55.773393029293096 44.22613899042059 86.79420448970082 86.79427100909369 98.54896277992987 109.64177153348079 128.23384134073189 123.64990119284366 127.97830081697442 136.70422626970975 127.9787145192512 136.7043209631649 123.64961082834026 128.23441916271935 98.54897513419407 109.64260348970194 86.79497665763841 86.79532229907323 15.576978461819866 15.577235248913718 42.353740920962345 44.99759293562268 93.08750993554398 99.09533039452465 102.21263410166084 106.63514697321891 84.42307562509198 85.77924981019594 59.690740672234924 65.23582238310482 319.73945468928287 362.07847061790346 346.23734713776906 311.1050598881349 346.23778470871724 311.1048112131987 362.07804911648543 319.73850824071843 391.42435470087963 360.7202284153191 375.51638296750787 419.11031230095017 444.70962872080923 410.9736656733616 417.546983210273 457.1503313495464 417.54749867769533 457.15130280028734 410.97372611883594 444.71047161046255 375.5166551406209 419.1106065861374 391.4256236949747 360.7216640084152 193.26738876489227 167.67386069390778 212.38680197225062 192.41900543345503 265.0046612005155 291.9564187648561 281.3148837388452 304.9502316985511 250.07421695368757 270.0549092036655 211.4615107720552 239.6198876095221 
57.73477019093434 99.99953201890497 57.734 0.0 57.73527019075948 100.0 115.46954038186868 321.45438519951784 264.5744235862567 230.94008075689243 264.57550314418756 321.45500602728214 346.409621136596 115.47 57.73477019093434 57.73599999999999 115.47054038151896 152.7524261313057 152.7524824675527 30.550019459895605 70.2377325659079 94.51595666341213 503.3220980644502 450.92494241170556 450.9257026562136 503.3229473369955 550.7570278162594 550.7568741286848 152.7524261313057 208.16689997211375 251.66067071356224 98.54896277992987 109.64177153348079 86.79420448970082 86.79427100909369 55.773393029293096 44.22613899042059 29.439195946900455 29.438516572680765 29.439581399877273 29.439777512746254 44.22700501955789 55.774259053796484 86.79497665763841 86.79532229907323 98.54897513419407 109.64260348970194 123.64961082834026 128.23441916271935 127.9787145192512 136.7043209631649 127.97830081697442 136.70422626970975 128.23384134073189 123.64990119284366 42.353740920962345 44.99759293562268 15.576978461819866 15.577235248913718 59.690740672234924 65.23582238310482 84.42307562509198 85.77924981019594 102.21263410166084 106.63514697321891 93.08750993554398 99.09533039452465 375.51638296750787 419.11031230095017 391.42435470087963 360.7202284153191 362.07804911648543 319.73850824071843 346.23778470871724 311.1048112131987 346.23734713776906 311.1050598881349 319.73945468928287 362.07847061790346 391.4256236949747 360.7216640084152 375.5166551406209 419.1106065861374 410.97372611883594 444.71047161046255 417.54749867769533 457.15130280028734 417.546983210273 457.1503313495464 444.70962872080923 410.9736656733616 212.38680197225062 192.41900543345503 193.26738876489227 167.67386069390778 211.4615107720552 239.6198876095221 250.07421695368757 270.0549092036655 281.3148837388452 304.9502316985511 265.0046612005155 291.9564187648561 
57.735 115.47 99.99953201890497 57.73527019075948 0.0 57.73527019075948 99.99953201890497 346.41 321.4546518313275 264.5749542265858 230.94 264.5749542265858 321.4546518313275 152.75293203077968 115.47004037844621 57.73527019075948 57.73527019075948 115.47004037844621 152.75293203077968 70.23766955843566 30.550496493510543 94.51627043001645 550.757296369281 503.3222925969006 450.92524578249106 450.92524578249106 503.3222925969006 550.757296369281 208.16659248063797 152.75248246755274 251.6610490322251 127.9792717005375 136.70433052760254 128.23395973376162 123.64974717321505 109.64232453756169 98.54927361477607 86.79488101264958 86.79442015475419 55.773 44.226 29.4395163852941 29.43917670384143 29.43917670384143 29.4395163852941 44.226 55.774 86.79442015475419 86.79488101264958 98.54927361477607 109.64232453756169 123.64974717321505 128.23439466851318 136.70433052760254 127.9792717005375 85.77990050122465 84.42278916264257 65.23605881719098 59.689859859108395 15.577955257350045 15.577441702667352 44.99823652100157 42.3538580297002 93.08753971397032 99.0956005582488 102.21276539650026 106.63579797610181 417.5479249104227 457.1511452430148 444.709671346374 410.9735387150857 419.11107068651864 375.51656364533375 391.4254471952482 360.72077942918673 362.07746034377783 319.7384009217535 311.10521730919265 346.2374275508065 346.2374275508065 311.10521730919265 319.7384009217535 362.07746034377783 360.72077942918673 391.4254471952482 375.51656364533375 419.11107068651864 410.9735387150857 444.709671346374 457.1511452430148 417.5479249104227 270.0549010331047 250.07424811843381 239.61978364066684 211.46092005852995 167.67380604614422 193.2669274190491 192.41901690061715 212.3867652774061 265.00481656943515 291.9568680558825 281.3154614200933 304.95046947660205 
57.73477019093434 99.99953201890497 115.46954038186868 100.0 57.73527019075948 0.0 57.734 321.45438519951784 346.409621136596 321.45500602728214 264.57550314418756 230.94008075689243 264.5744235862567 152.7524824675527 152.7524261313057 115.47054038151896 57.73599999999999 57.73477019093434 115.47 94.51615570366793 30.550598619339688 70.23721281486047 550.7568741286848 550.7570278162594 503.3229473369955 450.9257026562136 450.92494241170556 503.3220980644502 251.66108894503338 152.7529320307797 208.16602312577334 123.64990119284366 128.23384134073189 136.70345252772512 127.97830081697442 136.7043209631649 127.9787145192512 128.23441916271935 123.64961082834026 109.64163877377973 98.54897513419407 86.79532229907323 86.79497665763841 55.774259053796484 44.22700501955789 29.439777512746254 29.439777512746254 29.438516572680765 29.439195946900455 44.22613899042059 55.773393029293096 86.79427100909369 86.79427100909369 109.64177153348079 98.54896277992987 106.63601347574843 102.21244234436432 99.09612635214356 93.08732597942644 44.997605736305566 42.354604495851454 15.577409861719628 15.578180188969442 59.68938406450514 65.23537820845372 84.42206172559398 85.77927783561717 410.9736656733616 444.70962872080923 457.1503313495464 417.546983210273 457.15130280028734 417.54749867769533 444.71047161046255 410.97372611883594 419.1106065861374 375.5166551406209 360.7216640084152 391.4256236949747 362.07847061790346 319.73945468928287 311.1050598881349 346.23734713776906 311.1048112131987 346.23778470871724 319.73850824071843 362.07804911648543 360.7202284153191 391.42435470087963 419.11031230095017 375.51638296750787 304.95073971381015 281.3152566996678 291.9573317455823 265.00513874262896 192.41977688896742 212.3871242283769 167.67383214145252 193.26731225171008 211.46031261917682 239.61895545427953 250.0737300437613 270.0539769342418 
57.73477019093434 57.73527019075948 100.0 115.46954038186868 99.99953201890497 57.734 0.0 264.57550314418756 321.45500602728214 346.409621136596 321.45438519951784 264.5744235862567 230.94008075689243 115.47054038151896 152.7524261313057 152.7524824675527 115.47 57.73477019093434 57.73599999999999 94.51615570366793 70.23721281486047 30.550598619339688 503.3229473369955 550.7570278162594 550.7568741286848 503.3220980644502 450.92494241170556 450.9257026562136 251.66108894503338 208.16602312577334 152.7529320307797 86.79532229907323 86.79497665763841 109.64163877377973 98.54897513419407 128.23441916271935 123.64961082834026 136.7043209631649 127.9787145192512 136.70345252772512 127.97830081697442 123.64990119284366 128.23384134073189 109.64177153348079 98.54896277992987 86.79427100909369 86.79427100909369 44.22613899042059 55.773393029293096 29.438516572680765 29.439195946900455 29.439777512746254 29.439777512746254 55.774259053796484 44.22700501955789 99.09612635214356 93.08732597942644 106.63601347574843 102.21244234436432 84.42206172559398 85.77927783561717 59.68938406450514 65.23537820845372 15.577409861719628 15.578180188969442 44.997605736305566 42.354604495851454 360.7216640084152 391.4256236949747 419.1106065861374 375.5166551406209 444.71047161046255 410.97372611883594 457.15130280028734 417.54749867769533 457.1503313495464 417.546983210273 410.9736656733616 444.70962872080923 419.11031230095017 375.51638296750787 360.7202284153191 391.42435470087963 319.73850824071843 362.07804911648543 311.1048112131987 346.23778470871724 311.1050598881349 346.23734713776906 362.07847061790346 319.73945468928287 291.9573317455823 265.00513874262896 304.95073971381015 281.3152566996678 250.0737300437613 270.0539769342418 211.46031261917682 239.61895545427953 167.67383214145252 193.26731225171008 192.41977688896742 212.3871242283769 
288.675 230.94 264.57550314418756 321.45438519951784 346.41 321.45438519951784 264.57550314418756 0.0 288.6753509463529 499.99939214363053 577.35 499.99939214363053 288.6753509463529 208.16602312577334 305.5049191502487 378.59421189975956 378.59421189975956 305.5049191502487 208.16602312577334 291.4331066042429 323.9339992282379 254.8200799701625 288.67535094635286 577.3502018922311 763.762770331207 763.762770331207 577.3502018922311 288.67535094635286 351.1883477921783 472.5813521500822 152.7524824675527 223.25454710934784 212.6588178397501 237.57927335733646 235.13660428780545 280.2803968350266 288.402185931383 317.8011023423299 306.70712520252937 350.87108120932396 349.2217449930631 356.9350600669539 366.51168754215735 366.51168754215735 356.9350600669539 349.2217449930631 350.8712401665318 306.70712520252937 317.8011023423299 288.402185931383 280.2803968350266 235.13660428780545 237.57950811465201 212.6588178397501 223.25454710934784 279.3756840707509 276.4672654221472 305.88071637486405 307.01105623413633 332.9518407367648 337.0878108890916 319.29001389019356 325.3798410627186 262.1905207477951 256.4012425281906 244.60794069285652 240.80180366849416 147.19631420996927 147.19597452715885 278.867 221.132 433.9739489785073 433.9734881211063 548.2102084894079 492.74641824370474 641.1706685345174 618.2494512120492 639.8951646301134 683.5208275663588 683.5208275663588 639.8951646301134 618.2494512120492 641.1706685345174 492.74641824370474 548.2102084894079 433.9734881211063 433.9739489785073 221.132 278.867 147.19597452715885 147.19631420996927 326.1802391194169 298.4507135055971 428.89811458200654 422.1135779526643 511.0636764963834 533.1792207447699 465.43788810645833 495.479654158473 224.98900858708632 211.7704275506852 77.88878888517912 77.88878888517911 
288.6748509465277 264.5749542265858 230.94008075689243 264.5744235862567 321.4546518313275 346.409621136596 321.45500602728214 288.6753509463529 0.0 288.674 499.99939214363053 577.3497018930555 500.0 208.16631513287638 208.1662065970363 305.5049649351054 378.5938240383749 378.5936734402729 305.5048522626114 254.8198767149062 323.93382732280367 291.43303247229886 288.676 288.6748509465277 577.3499999999999 763.7624123377635 763.7625086170439 577.3507018927057 152.75198711964435 472.58112717712294 351.18849842214365 235.13631151525703 237.57951299091425 212.65943179882711 223.25511299856046 212.6585154137967 223.2545725802721 237.5790925355175 235.1367797899767 280.2806106618865 288.40255245056346 306.70665595157857 317.800869736066 350.87090618203155 349.2219534980583 356.9342127899762 366.51170821680444 356.93459514314384 366.51169859910334 349.2214257144026 350.8712643947919 306.70644838346647 317.801267272489 280.2802615115806 288.40264387311015 240.80128774157333 244.6078252591278 256.40076678902506 262.1903453790776 319.29034922151965 325.3796046251209 332.9518541921639 337.087242728051 307.01119331060227 305.8801347227374 276.4678528907113 279.3754493186543 221.13292700319417 278.8681971917917 147.19633804208584 147.19653415756773 147.19599376341736 147.19531439553364 278.86733116663197 221.13206097714547 433.97315105084556 433.97321756993256 492.74601278650647 548.2095704354313 641.170595954774 618.2496527431293 639.8943300014464 683.520077125025 639.8948260394047 683.5210226408548 618.24951320644 641.171319211956 492.7462020837908 548.2095967173503 433.9740446213345 433.9743902639878 77.88800023110106 77.88825700964169 211.76975325102495 224.98877392438936 465.4378797841877 495.4794646985887 511.0632098214466 533.1791297800393 422.11337946693897 428.8981757072417 298.45125702198004 326.18042985133246 
288.6748509465277 321.4546518313275 264.5744235862567 230.94008075689243 264.5749542265858 321.45500602728214 346.409621136596 499.99939214363053 288.674 0.0 288.6753509463529 500.0 577.3497018930555 305.5049649351054 208.1662065970363 208.16631513287638 305.5048522626114 378.5936734402729 378.5938240383749 254.8198767149062 291.43303247229886 323.93382732280367 577.3499999999999 288.6748509465277 288.676 577.3507018927057 763.7625086170439 763.7624123377635 152.75198711964435 351.18849842214365 472.58112717712294 306.70665595157857 317.800869736066 280.2806106618865 288.40255245056346 237.5790925355175 235.1367797899767 212.6585154137967 223.2545725802721 212.65943179882711 223.25511299856046 235.13631151525703 237.57951299091425 280.2802615115806 288.40264387311015 306.70644838346647 317.801267272489 349.2214257144026 350.8712643947919 356.93459514314384 366.51169859910334 356.9342127899762 366.51170821680444 350.87090618203155 349.2219534980583 256.40076678902506 262.1903453790776 240.80128774157333 244.6078252591278 276.4678528907113 279.3754493186543 307.01119331060227 305.8801347227374 332.9518541921639 337.087242728051 319.29034922151965 325.3796046251209 492.74601278650647 548.2095704354313 433.97315105084556 433.97321756993256 278.86733116663197 221.13206097714547 147.19599376341736 147.19531439553364 147.19633804208584 147.19653415756773 221.13292700319417 278.8681971917917 433.9740446213345 433.9743902639878 492.7462020837908 548.2095967173503 618.24951320644 641.171319211956 639.8948260394047 683.5210226408548 639.8943300014464 683.520077125025 641.170595954774 618.2496527431293 211.76975325102495 224.98877392438936 77.88800023110106 77.88825700964169 298.45125702198004 326.18042985133246 422.11337946693897 428.8981757072417 511.0632098214466 533.1791297800393 465.4378797841877 495.4794646985887 
288.675 346.41 321.45438519951784 264.57550314418756 230.94 264.57550314418756 321.45438519951784 577.35 499.99939214363053 288.6753509463529 0.0 288.6753509463529 499.99939214363053 378.59421189975956 305.5049191502487 208.16602312577334 208.16602312577334 305.5049191502487 378.59421189975956 291.4331066042429 254.8200799701625 323.9339992282379 763.762770331207 577.3502018922311 288.67535094635286 288.67535094635286 577.3502018922311 763.762770331207 351.1883477921783 152.7524824675527 472.5813521500822 356.9350600669539 366.51168754215735 350.87108120932396 349.2217449930631 317.8011023423299 306.70712520252937 280.2803968350266 288.402185931383 237.57927335733646 235.13660428780545 223.25454710934784 212.6588178397501 212.6588178397501 223.25454710934784 235.13660428780545 237.57950811465201 288.402185931383 280.2803968350266 306.70712520252937 317.8011023423299 349.2217449930631 350.8712401665318 366.51168754215735 356.9350600669539 305.88071637486405 307.01105623413633 279.3756840707509 276.4672654221472 244.60794069285652 240.80180366849416 262.1905207477951 256.4012425281906 319.29001389019356 325.3798410627186 332.9518407367648 337.0878108890916 639.8951646301134 683.5208275663588 641.1706685345174 618.2494512120492 548.2102084894079 492.74641824370474 433.9739489785073 433.9734881211063 278.867 221.132 147.19631420996927 147.19597452715885 147.19597452715885 147.19631420996927 221.132 278.867 433.9734881211063 433.9739489785073 492.74641824370474 548.2102084894079 618.2494512120492 641.1706685345174 683.5208275663588 639.8951646301134 428.89811458200654 422.1135779526643 326.1802391194169 298.4507135055971 77.88878888517912 77.88878888517911 224.98900858708632 211.7704275506852 465.43788810645833 495.479654158473 511.0636764963834 533.1792207447699 
288.6748509465277 321.4546518313275 346.409621136596 321.45500602728214 264.5749542265858 230.94008075689243 264.5744235862567 499.99939214363053 577.3497018930555 500.0 288.6753509463529 0.0 288.674 378.5938240383749 378.5936734402729 305.5048522626114 208.16631513287638 208.1662065970363 305.5049649351054 323.93389691262627 254.8199607880042 291.43288161084365 763.7624123377635 763.7625086170439 577.3507018927057 288.676 288.6748509465277 577.3499999999999 472.58138935954725 152.75261511345724 351.18787246145047 349.2219534980583 350.87090618203155 366.51087393554917 356.9342127899762 366.51169859910334 356.93459514314384 350.8712643947919 349.2214257144026 317.8003051178523 306.70644838346647 288.40264387311015 280.2802615115806 237.57951299091425 235.13631151525703 223.25511299856046 212.6585184750425 223.2545725802721 212.6585154137967 235.1367797899767 237.5790925355175 288.40255245056346 280.27991768944133 317.800869736066 306.70665595157857 337.08804963985295 332.9516139170976 325.3801779119312 319.28981846905174 262.18976654705654 256.4013293296273 244.60758945298485 240.8021113238005 276.4668826640905 279.37574914440944 307.01030455996096 305.8805111575433 618.2496527431293 641.170595954774 683.520077125025 639.8943300014464 683.5210226408548 639.8948260394047 641.171319211956 618.24951320644 548.2095967173503 492.7462020837908 433.9743902639878 433.9740446213345 278.8681971917917 221.13292700319417 147.19653415756773 147.19633804208584 147.19531439553364 147.19599376341736 221.13206097714547 278.86733116663197 433.97321756993256 433.97315105084556 548.2095704354313 492.74601278650647 533.179546111814 511.0635463345043 495.4801111851009 465.43805235498314 224.98922822659756 211.77033035342794 77.88905651630401 77.88867135212925 298.45033830270654 326.17937462843963 422.11304165827426 428.89730698385137 
288.6748509465277 264.5749542265858 321.45500602728214 346.409621136596 321.4546518313275 264.5744235862567 230.94008075689243 288.6753509463529 500.0 577.3497018930555 499.99939214363053 288.674 0.0 305.5048522626114 378.5936734402729 378.5938240383749 305.5049649351054 208.1662065970363 208.16631513287638 323.93389691262627 291.43288161084365 254.8199607880042 577.3507018927057 763.7625086170439 763.7624123377635 577.3499999999999 288.6748509465277 288.676 472.58138935954725 351.18787246145047 152.75261511345724 288.40264387311015 280.2802615115806 317.8003051178523 306.70644838346647 350.8712643947919 349.2214257144026 366.51169859910334 356.93459514314384 366.51087393554917 356.9342127899762 349.2219534980583 350.87090618203155 317.800869736066 306.70665595157857 288.40255245056346 280.27991768944133 235.1367797899767 237.5790925355175 223.2545725802721 212.6585154137967 223.25511299856046 212.6585184750425 237.57951299091425 235.13631151525703 325.3801779119312 319.28981846905174 337.08804963985295 332.9516139170976 307.01030455996096 305.8805111575433 276.4668826640905 279.37574914440944 244.60758945298485 240.8021113238005 262.18976654705654 256.4013293296273 433.9743902639878 433.9740446213345 548.2095967173503 492.7462020837908 641.171319211956 618.24951320644 683.5210226408548 639.8948260394047 683.520077125025 639.8943300014464 618.2496527431293 641.170595954774 548.2095704354313 492.74601278650647 433.97321756993256 433.97315105084556 221.13206097714547 278.86733116663197 147.19531439553364 147.19599376341736 147.19653415756773 147.19633804208584 278.8681971917917 221.13292700319417 495.4801111851009 465.43805235498314 533.179546111814 511.0635463345043 422.11304165827426 428.89730698385137 298.45033830270654 326.17937462843963 77.88905651630401 77.88867135212925 224.98922822659756 211.77033035342794 
100.0003980442078 57.73527019075948 57.73599999999999 115.47 152.75293203077968 152.7524824675527 115.47054038151896 208.16602312577334 208.16631513287638 305.5049649351054 378.59421189975956 378.5938240383749 305.5048522626114 0.0 100.0003980442078 173.206 200.0007960884156 173.20531056812317 100.0 87.17843545854674 140.00038405661607 87.17826245114088 399.9998601249755 458.2576563561159 556.7771434389167 600.0006562129745 556.77650777399 458.2574474026581 173.20531056812317 300.00032810648725 173.20481056829803 29.43917670384143 29.4395163852941 29.43958139987727 29.43977751274625 72.72798175393018 80.27477393303577 109.64273864693456 98.54993728054828 144.45340346630812 144.45344343420822 155.35383082820968 166.12932538537558 178.9456698358471 172.37230854461512 172.37168363742344 178.94579436242697 155.3534361963069 166.12925732091864 144.452896578781 144.45331193849452 98.54897513419407 109.64260348970193 72.72747159773945 80.2749345997865 73.19950361853554 71.60468790519235 100.05931309978097 102.34136083715127 142.9494216917298 148.49587590906353 142.94922307588803 148.49560390126032 102.34133930137908 100.05869142658221 71.60505363450264 73.19920563776631 264.80089961516364 305.3087231590345 305.3083635818056 264.80040522627604 339.59841093856727 313.0595481885195 385.98910391356907 338.1511323949692 439.560781886874 412.45574151416537 431.8100371285966 476.31335081540595 498.98658114722883 462.9759261181946 462.97531112144634 498.9860528842465 431.8094352141926 476.3133300045255 412.4554287580659 439.5610090897508 338.15034320254654 385.9878195914996 339.59772737313773 313.05960524634924 190.428256075615 160.8429069371727 243.98989393005604 229.35280320937872 320.01035929794523 346.0161124254187 320.00994460328883 346.0160468027458 229.35205469539616 243.98923130540004 160.8426646695459 190.4275263138184 
100.0 115.47004037844621 57.73477019093434 57.73477019093434 115.47004037844621 152.7524261313057 152.7524261313057 305.5049191502487 208.1662065970363 208.1662065970363 305.5049191502487 378.5936734402729 378.5936734402729 100.0003980442078 0.0 100.0003980442078 173.20531056812317 200.0 173.20531056812317 60.0 124.89995548838277 124.89995548838277 458.2578511809699 400.0 458.2578511809699 556.77666812556 600.0 556.77666812556 100.0 264.5750782386731 264.5750782386731 98.54927361477607 109.64232453756169 72.72797091903499 80.27496061039209 29.43917670384143 29.439516385294105 29.43917670384143 29.439516385294105 72.72797091903499 80.27496061039209 98.54927361477607 109.64232453756169 144.452896578781 144.45331193849452 155.35272543795298 166.12907421941532 172.37135819213123 178.94542499041432 172.37135819213123 178.94542499041432 155.35272543795298 166.12907421941532 144.452896578781 144.45331193849452 53.81669931350305 59.90920734745203 53.81669931350305 59.90920734745203 116.40417013578164 122.2104530103706 137.46394234489276 139.96057818185807 137.46394234489276 139.96057818185807 116.40417013578164 122.2104530103706 338.151197975107 385.98864321635165 339.59779050223517 313.0594465097643 305.3094412510036 264.8009722735171 305.3094412510036 264.8009722735171 339.59779050223517 313.0594465097643 338.151197975107 385.98864321635165 439.56072696727585 412.4558554463738 431.8090052893756 476.3123547778286 462.97511263241785 498.9864275879656 462.97511263241785 498.9864275879656 431.8090052893756 476.3123547778286 439.56072696727585 412.4558554463738 154.76923117015215 134.8328406472251 154.76923117015215 134.8328406472251 260.7368727453024 290.0853612456168 307.7589725905648 327.74615971815746 307.7589725905648 327.74615971815746 260.7368727453024 290.0853612456168 
100.0003980442078 152.75293203077968 115.47 57.73599999999999 57.73527019075948 115.47054038151896 152.7524824675527 378.59421189975956 305.5049649351054 208.16631513287638 208.16602312577334 305.5048522626114 378.5938240383749 173.206 100.0003980442078 0.0 100.0 173.20531056812317 200.0007960884156 87.17843545854674 87.17826245114088 140.00038405661607 556.7771434389167 458.2576563561159 399.9998601249755 458.2574474026581 556.77650777399 600.0006562129745 173.20531056812317 173.20481056829803 300.00032810648725 155.35383082820968 166.12932538537558 144.45340346630812 144.45344343420822 109.64273864693456 98.54993728054828 72.72798175393018 80.27477393303577 29.43958139987727 29.43977751274625 29.43917670384143 29.4395163852941 72.72747159773945 80.2749345997865 98.54897513419407 109.64260348970193 144.452896578781 144.45331193849452 155.3534361963069 166.12925732091864 172.37168363742344 178.94579436242697 178.9456698358471 172.37230854461512 100.05931309978097 102.34136083715127 73.19950361853554 71.60468790519235 71.60505363450264 73.19920563776631 102.34133930137908 100.05869142658221 142.94922307588803 148.49560390126032 142.9494216917298 148.49587590906353 431.8100371285966 476.31335081540595 439.560781886874 412.45574151416537 385.98910391356907 338.1511323949692 339.59841093856727 313.0595481885195 305.3083635818056 264.80040522627604 264.80089961516364 305.3087231590345 339.59772737313773 313.05960524634924 338.15034320254654 385.9878195914996 412.4554287580659 439.5610090897508 431.8094352141926 476.3133300045255 462.97531112144634 498.9860528842465 498.98658114722883 462.9759261181946 243.98989393005604 229.35280320937872 190.428256075615 160.8429069371727 160.8426646695459 190.4275263138184 229.35205469539616 243.98923130540004 320.00994460328883 346.0160468027458 320.01035929794523 346.0161124254187 
100.0003980442078 152.75293203077968 152.7524824675527 115.47054038151896 57.73527019075948 57.73599999999999 115.47 378.59421189975956 378.5938240383749 305.5048522626114 208.16602312577334 208.16631513287638 305.5049649351054 200.0007960884156 173.20531056812317 100.0 0.0 100.0003980442078 173.206 124.90027865861629 60.00041203191858 124.90039045575477 600.0006562129745 556.77650777399 458.2574474026581 399.9998601249755 458.2576563561159 556.7771434389167 264.5752815532849 99.99953201890499 264.57550314418756 172.37230854461512 178.9456698358471 178.94520326904546 172.37168363742344 166.12925732091864 155.3534361963069 144.45331193849452 144.452896578781 109.64163877377973 98.54897513419407 80.2749345997865 72.72747159773945 29.4395163852941 29.43917670384143 29.43977751274625 29.43977751274625 80.27477393303577 72.72798175393018 98.54993728054828 109.64273864693456 144.45344343420822 144.45344343420822 166.12932538537558 155.35383082820968 139.9616595286009 137.46401033725155 122.21115877856653 116.40374276628738 59.90896181707708 53.817503713940496 59.90951285063165 53.8176711684926 116.40395344660764 122.211064875485 137.46394859016672 139.9615131455787 462.9759261181946 498.98658114722883 498.9860528842465 462.97531112144634 476.3133300045255 431.8094352141926 439.5610090897508 412.4554287580659 385.9878195914996 338.15034320254654 313.05960524634924 339.59772737313773 305.3087231590345 264.80089961516364 264.80040522627604 305.3083635818056 313.0595481885195 339.59841093856727 338.1511323949692 385.98910391356907 412.45574151416537 439.560781886874 476.31335081540595 431.8100371285966 327.74665267550785 307.75949756262605 290.0857126988504 260.7367268184519 134.83235063589152 154.76835199096743 134.83235884979538 154.7686822099355 260.73696447761296 290.0856850053101 307.7596953111307 327.74647222815383 
100.0 115.47004037844621 152.7524261313057 152.7524261313057 115.47004037844621 57.73477019093434 57.73477019093434 305.5049191502487 378.5936734402729 378.5936734402729 305.5049191502487 208.1662065970363 208.1662065970363 173.20531056812317 200.0 173.20531056812317 100.0003980442078 0.0 100.0003980442078 140.0 87.17797245290808 87.17797245290808 556.77666812556 600.0 556.77666812556 458.2578511809699 400.0 458.2578511809699 300.0 173.205 173.205 144.45331193849452 144.452896578781 166.1281365512778 155.35272543795298 178.94542499041432 172.37135819213123 178.94542499041432 172.37135819213123 166.1281365512778 155.35272543795298 144.45331193849452 144.452896578781 109.64232453756169 98.54927361477607 80.27496061039209 72.72736280795557 29.439516385294105 29.43917670384143 29.439516385294105 29.43917670384143 80.27496061039209 72.72736280795557 109.64232453756169 98.54927361477607 148.49591618963802 142.94863806626492 148.49591618963802 142.94863806626492 102.34026981105727 100.0589567455108 71.60401835791062 73.19947708146555 71.60401835791062 73.19947708146555 102.34026981105727 100.0589567455108 412.4558554463738 439.56072696727585 476.3123547778286 431.8090052893756 498.9864275879656 462.97511263241785 498.9864275879656 462.97511263241785 476.3123547778286 431.8090052893756 412.4558554463738 439.56072696727585 385.98864321635165 338.151197975107 313.0594465097643 339.59779050223517 264.8009722735171 305.3094412510036 264.8009722735171 305.3094412510036 313.0594465097643 339.59779050223517 385.98864321635165 338.151197975107 346.0160616459877 320.00983565665604 346.0160616459877 320.00983565665604 229.3523856623253 243.9891735487458 160.84273440227255 190.42779526634234 160.84273440227255 190.42779526634234 229.3523856623253 243.9891735487458 
100.0003980442078 57.73527019075948 115.47054038151896 152.7524824675527 152.75293203077968 115.47 57.73599999999999 208.16602312577334 305.5048522626114 378.5938240383749 378.59421189975956 305.5049649351054 208.16631513287638 100.0 173.20531056812317 200.0007960884156 173.206 100.0003980442078 0.0 124.90027865861629 124.90039045575477 60.00041203191858 458.2574474026581 556.77650777399 600.0006562129745 556.7771434389167 458.2576563561159 399.9998601249755 264.5752815532849 264.57550314418756 99.99953201890499 80.2749345997865 72.72747159773945 109.64163877377973 98.54897513419407 144.45331193849452 144.452896578781 166.12925732091864 155.3534361963069 178.94520326904546 172.37168363742344 172.37230854461512 178.9456698358471 166.12932538537558 155.35383082820968 144.45344343420822 144.45344343420822 98.54993728054828 109.64273864693456 80.27477393303577 72.72798175393018 29.43977751274625 29.43977751274625 29.4395163852941 29.43917670384143 122.21115877856653 116.40374276628738 139.9616595286009 137.46401033725155 137.46394859016672 139.9615131455787 116.40395344660764 122.211064875485 59.90951285063165 53.8176711684926 59.90896181707708 53.817503713940496 313.05960524634924 339.59772737313773 385.9878195914996 338.15034320254654 439.5610090897508 412.4554287580659 476.3133300045255 431.8094352141926 498.9860528842465 462.97531112144634 462.9759261181946 498.98658114722883 476.31335081540595 431.8100371285966 412.45574151416537 439.560781886874 338.1511323949692 385.98910391356907 313.0595481885195 339.59841093856727 264.80040522627604 305.3083635818056 305.3087231590345 264.80089961516364 290.0857126988504 260.7367268184519 327.74665267550785 307.75949756262605 307.7596953111307 327.74647222815383 260.73696447761296 290.0856850053101 134.83235884979538 154.7686822099355 134.83235063589152 154.76835199096743 
40.0 70.23766955843566 30.550019459895605 30.550019459895605 70.23766955843566 94.51615570366793 94.51615570366793 291.4331066042429 254.8198767149062 254.8198767149062 291.4331066042429 323.93389691262627 323.93389691262627 87.17843545854674 60.0 87.17843545854674 124.90027865861629 140.0 124.90027865861629 0.0 69.28202422706772 69.28202422706772 481.2486448490011 460.0 481.2486448490011 521.152816522179 540.0 521.152816522179 160.0 222.71051170746298 222.71051170746298 68.25246757444012 79.21489335977168 59.85079576747498 57.889457598080845 42.58057215444621 33.47006311616397 42.58057215444621 33.47006311616397 59.85079576747498 57.889457598080845 68.25246757444012 79.21489335977168 99.06098793167773 95.50036298360337 102.11439321173093 111.83018063564057 112.50922239976597 119.47813659829148 112.50922239976597 119.47813659829148 102.11439321173093 111.83018063564057 99.06098793167773 95.50036298360337 15.57809760529186 15.57796921938158 15.57809760529186 15.57796921938158 65.01546604462665 71.12183086085453 79.78455643168044 83.18487509758009 79.78455643168044 83.18487509758009 65.01546604462665 71.12183086085453 350.2546397865416 392.24374143126875 374.6874688510413 340.7962104381444 362.69261767645617 324.01770772135274 362.69261767645617 324.01770772135274 374.6874688510413 340.7962104381444 350.2546397865416 392.24374143126875 414.1807729627246 380.7725734503471 389.2597809291373 430.1272129428688 403.3336521008382 440.2901031331502 403.3336521008382 440.2901031331502 389.2597809291373 430.1272129428688 414.1807729627246 380.7725734503471 210.44142870879773 187.21061646445162 210.44142870879773 187.21061646445162 234.45544738606523 261.4648672556219 256.2460247691659 278.69536273501217 256.2460247691659 278.69536273501217 234.45544738606523 261.4648672556219 
39.99998601249755 94.51627043001645 94.51595666341213 70.2377325659079 30.550496493510543 30.550598619339688 70.23721281486047 323.9339992282379 323.93382732280367 291.43303247229886 254.8200799701625 254.8199607880042 291.43288161084365 140.00038405661607 124.89995548838277 87.17826245114088 60.00041203191858 87.17797245290808 124.90039045575477 69.28202422706772 0.0 69.282 540.0002441814263 521.1525677582333 481.24863676066656 460.00027215644116 481.2483754580373 521.1528218440345 222.7105720009717 159.99994404999023 222.7104840729327 112.50973677420102 119.47795139271513 119.47749957628005 112.50913052725987 111.83009610118378 102.11469235129684 99.06118118617404 95.49972574829731 79.21414245575092 68.25182716968095 57.88985708222123 59.85094446205507 42.580459755620296 33.47051766853928 33.46986573023561 42.5806518503416 57.88918394657158 59.85112879470194 68.25225559642699 79.21496319509339 95.49986624074403 99.06111473227021 111.8299640928137 102.1150374283827 83.18563814745909 79.78427410210611 71.12230042680004 65.0148722831938 15.577441702667358 15.577955257350052 15.578180188969442 15.577409861719628 65.01499022533187 71.12178958659575 79.78422602244132 83.18530352171591 403.33402482433837 440.2898086272268 440.28935888231507 403.33345668317673 430.12797683480204 389.2600113754301 414.18106081760914 380.7721512138197 392.2432368378071 350.2540714681273 340.79678338417455 374.6879068838491 362.6923593970515 324.0180975886995 324.01752202620156 362.69187590157026 340.7963484839589 374.6881785431721 350.25430255173166 392.24400117273944 380.77200170180583 414.180346642619 430.12769683083656 389.260344218365 278.69566996277496 256.24628086276687 261.46523887507493 234.45534999227465 187.21065837713405 210.44103832190146 187.21036741858074 210.44111211690551 234.45512686439594 261.46484756655144 256.24628928044984 278.69524712488374 
